[[59.329143,18.068549],[59.329148,18.068486],[59.329199,18.068305],[59.329304,18.068192],[59.329403,18.06821],[59.32944,18.068257],[59.32957,18.068674],[59.329595,18.068831],[59.329725,18.068704],[59.330111,18.068601],[59.330197,18.068541],[59.330126,18.068222],[59.330039,18.067827],[59.329974,18.067533],[59.329912,18.067341],[59.329876,18.067257],[59.329502,18.065858],[59.329438,18.065563],[59.329412,18.065369],[59.329371,18.065214],[59.329328,18.065047],[59.329312,18.064988]]
[[59.329143,18.068549],[59.329125,18.068766],[59.329151,18.068944],[59.329028,18.069074],[59.328606,18.069585],[59.327734,18.070603],[59.327582,18.070772],[59.327485,18.070892],[59.327554,18.071105],[59.327607,18.071272],[59.327658,18.071434],[59.327804,18.071896],[59.327881,18.072131],[59.327926,18.072376],[59.327938,18.072486],[59.327924,18.072785],[59.327935,18.072866],[59.328037,18.073002],[59.328109,18.072986],[59.32819,18.072994],[59.329019,18.073181],[59.329083,18.073195]]
[[59.329143,18.068549],[59.329148,18.068486],[59.329199,18.068305],[59.329304,18.068192],[59.329403,18.06821],[59.32944,18.068257],[59.32957,18.068674],[59.329595,18.068831],[59.329725,18.068704],[59.330111,18.068601],[59.330197,18.068541],[59.330372,18.068451],[59.33043,18.06844],[59.330692,18.0684],[59.330773,18.068387],[59.330866,18.068373],[59.331049,18.068345],[59.33159,18.068253],[59.331757,18.068223],[59.33205,18.068171],[59.332107,18.06816],[59.332224,18.068139],[59.332376,18.068112],[59.332572,18.068081],[59.33263,18.069524],[59.332713,18.071351],[59.332758,18.071607],[59.332823,18.071543],[59.332874,18.071515],[59.332966,18.071465],[59.333273,18.071408],[59.333331,18.071398],[59.3334,18.071387],[59.333561,18.071362],[59.333678,18.07134]]
[[59.329143,18.068549],[59.329199,18.068305],[59.329304,18.068192],[59.329403,18.06821],[59.32944,18.068257],[59.32957,18.068674],[59.329595,18.068831],[59.329725,18.068704],[59.330111,18.068601],[59.330372,18.068451],[59.332572,18.068081],[59.332713,18.071351],[59.332758,18.071607],[59.332823,18.071543],[59.332966,18.071465],[59.333786,18.07132]]
[[59.329143,18.068549],[59.329148,18.068486],[59.329199,18.068305],[59.329304,18.068192],[59.329403,18.06821],[59.32944,18.068257],[59.32957,18.068674],[59.329595,18.068831],[59.329725,18.068704],[59.330111,18.068601],[59.330197,18.068541],[59.330372,18.068451],[59.33043,18.06844],[59.330692,18.0684],[59.330773,18.068387],[59.330866,18.068373],[59.331049,18.068345],[59.331477,18.068272]]
[[59.329143,18.068549],[59.329125,18.068766],[59.329151,18.068944],[59.329028,18.069074],[59.328606,18.069585],[59.327734,18.070603],[59.327582,18.070772],[59.327485,18.070892],[59.327324,18.070397],[59.327311,18.070357],[59.327295,18.070306]]
[[59.329143,18.068549],[59.329125,18.068766],[59.329151,18.068944],[59.329028,18.069074],[59.328606,18.069585],[59.327734,18.070603],[59.327582,18.070772],[59.327485,18.070892],[59.327324,18.070397],[59.327311,18.070357],[59.327001,18.069394],[59.326971,18.069297],[59.326674,18.068494],[59.326235,18.067559],[59.326086,18.067198],[59.325831,18.066617],[59.325758,18.066542],[59.325635,18.066248],[59.325542,18.066054],[59.3255,18.066001],[59.325454,18.065995],[59.325471,18.066176],[59.325522,18.066244],[59.325742,18.066776],[59.325783,18.066871],[59.325826,18.066963]]
[[59.329143,18.068549],[59.329148,18.068486],[59.329199,18.068305],[59.329304,18.068192],[59.329403,18.06821],[59.32944,18.068257],[59.32957,18.068674],[59.329595,18.068831],[59.329725,18.068704],[59.330111,18.068601],[59.330197,18.068541],[59.330126,18.068222],[59.330039,18.067827],[59.329974,18.067533],[59.329912,18.067341],[59.329436,18.067819],[59.329346,18.067981]]
[[59.329143,18.068549],[59.329148,18.068486],[59.329199,18.068305],[59.329304,18.068192],[59.329403,18.06821],[59.32944,18.068257],[59.32957,18.068674],[59.329595,18.068831],[59.329725,18.068704],[59.330111,18.068601],[59.330197,18.068541],[59.330126,18.068222],[59.330039,18.067827],[59.329974,18.067533],[59.329912,18.067341],[59.329876,18.067257],[59.329502,18.065858],[59.32946,18.065665]]
[[59.329143,18.068549],[59.329125,18.068766],[59.329151,18.068944],[59.329028,18.069074],[59.328606,18.069585],[59.327734,18.070603],[59.327582,18.070772],[59.327485,18.070892],[59.327324,18.070397],[59.327311,18.070357],[59.327001,18.069394],[59.326971,18.069297],[59.326674,18.068494],[59.326235,18.067559],[59.326086,18.067198],[59.326649,18.066313],[59.326692,18.066205],[59.326724,18.066027],[59.326721,18.065881],[59.326684,18.065644],[59.326685,18.065473],[59.326732,18.065353],[59.328029,18.063268],[59.328158,18.063086],[59.328207,18.063057],[59.328267,18.063104],[59.328385,18.063728],[59.328438,18.063795]]
[[59.329143,18.068549],[59.329125,18.068766],[59.329151,18.068944],[59.329028,18.069074],[59.328606,18.069585],[59.327734,18.070603],[59.327582,18.070772],[59.327485,18.070892],[59.327554,18.071105],[59.327607,18.071272],[59.327658,18.071434],[59.327804,18.071896],[59.327881,18.072131],[59.327926,18.072376],[59.327938,18.072486],[59.327924,18.072785],[59.327935,18.072866],[59.327887,18.072884],[59.327752,18.073015],[59.326781,18.074179],[59.326664,18.074316],[59.326603,18.074105],[59.326514,18.074032],[59.326234,18.072828],[59.326211,18.072506],[59.325924,18.071304],[59.325857,18.071231],[59.3258,18.071275],[59.325662,18.071141]]
[[59.329143,18.068549],[59.329148,18.068486],[59.329199,18.068305],[59.329304,18.068192],[59.329403,18.06821],[59.32944,18.068257],[59.32957,18.068674],[59.329595,18.068831],[59.329725,18.068704],[59.330111,18.068601],[59.330197,18.068541],[59.330126,18.068222],[59.330039,18.067827],[59.329974,18.067533],[59.329912,18.067341],[59.329876,18.067257],[59.329502,18.065858],[59.329438,18.065563],[59.329412,18.065369],[59.329371,18.065214],[59.329333,18.065067]]
[[59.329143,18.068549],[59.329125,18.068766],[59.329151,18.068944],[59.329028,18.069074],[59.328606,18.069585],[59.328441,18.069777]]
[[59.329143,18.068549],[59.329125,18.068766],[59.329151,18.068944],[59.329209,18.069147],[59.329477,18.07178],[59.329572,18.072915],[59.329625,18.073295],[59.329628,18.073484],[59.32967,18.07397],[59.329743,18.074576],[59.329773,18.074411],[59.329774,18.074252],[59.330469,18.073652]]
[[59.329143,18.068549],[59.329125,18.068766],[59.329151,18.068944],[59.329028,18.069074],[59.328606,18.069585],[59.327734,18.070603],[59.327582,18.070772],[59.327485,18.070892],[59.327554,18.071105],[59.327607,18.071272],[59.327658,18.071434],[59.327804,18.071896],[59.327881,18.072131],[59.327926,18.072376],[59.327938,18.072486],[59.327924,18.072785],[59.327935,18.072866],[59.327887,18.072884],[59.327752,18.073015],[59.326781,18.074179],[59.326664,18.074316],[59.326603,18.074105],[59.326514,18.074032],[59.326234,18.072828],[59.326211,18.072506],[59.325924,18.071304],[59.325857,18.071231],[59.3258,18.071275],[59.325662,18.071141]]
[[59.329143,18.068549],[59.329125,18.068766],[59.329151,18.068944],[59.329028,18.069074],[59.328606,18.069585],[59.327734,18.070603],[59.327582,18.070772],[59.327485,18.070892],[59.327554,18.071105],[59.327607,18.071272],[59.327658,18.071434],[59.327804,18.071896],[59.327881,18.072131],[59.327926,18.072376],[59.327938,18.072486],[59.327924,18.072785],[59.327935,18.072866],[59.327887,18.072884],[59.327324,18.07104],[59.326834,18.069438]]
[[59.329143,18.068549],[59.329148,18.068486],[59.329199,18.068305],[59.329304,18.068192],[59.329403,18.06821],[59.32944,18.068257],[59.32957,18.068674],[59.329595,18.068831],[59.329725,18.068704],[59.330111,18.068601],[59.330197,18.068541],[59.330372,18.068451],[59.33043,18.06844],[59.330692,18.0684],[59.330773,18.068387],[59.330866,18.068373],[59.331049,18.068345],[59.33159,18.068253],[59.331757,18.068223],[59.33205,18.068171],[59.332107,18.06816],[59.332224,18.068139],[59.332376,18.068112],[59.332572,18.068081],[59.33263,18.069524],[59.332506,18.069556],[59.332397,18.069582],[59.331969,18.069687],[59.331844,18.069727],[59.331677,18.06978],[59.33165,18.069789],[59.331045,18.069978],[59.330971,18.069987]]
[[59.329143,18.068549],[59.329148,18.068486],[59.329199,18.068305],[59.329304,18.068192],[59.329403,18.06821],[59.32944,18.068257],[59.32957,18.068674],[59.329595,18.068831],[59.329725,18.068704],[59.330111,18.068601],[59.330197,18.068541],[59.330134,18.068256]]
[[59.329143,18.068549],[59.329125,18.068766],[59.329151,18.068944],[59.329028,18.069074],[59.328606,18.069585],[59.327734,18.070603],[59.327582,18.070772],[59.327485,18.070892],[59.327554,18.071105],[59.327607,18.071272],[59.327658,18.071434],[59.327804,18.071896],[59.327881,18.072131],[59.327926,18.072376],[59.327938,18.072486],[59.327924,18.072785],[59.327935,18.072866],[59.327887,18.072884],[59.327752,18.073015],[59.326781,18.074179],[59.326664,18.074316],[59.326603,18.074105],[59.326514,18.074032],[59.326234,18.072828],[59.326211,18.072506],[59.325924,18.071304],[59.325857,18.071231],[59.3258,18.071275],[59.325662,18.071141]]
[[59.329143,18.068549],[59.329125,18.068766],[59.329151,18.068944],[59.329028,18.069074],[59.328606,18.069585],[59.327734,18.070603],[59.327582,18.070772],[59.327485,18.070892],[59.327324,18.070397],[59.327311,18.070357],[59.327001,18.069394],[59.326971,18.069297],[59.326792,18.068812]]
[[59.329143,18.068549],[59.329125,18.068766],[59.329151,18.068944],[59.329028,18.069074],[59.328606,18.069585],[59.327734,18.070603],[59.327582,18.070772],[59.327485,18.070892],[59.327554,18.071105],[59.327607,18.071272],[59.327658,18.071434],[59.327804,18.071896],[59.327881,18.072131],[59.327926,18.072376],[59.327938,18.072486],[59.327924,18.072785],[59.327935,18.072866],[59.327887,18.072884],[59.327752,18.073015],[59.326781,18.074179],[59.326664,18.074316],[59.326603,18.074105],[59.326514,18.074032],[59.326234,18.072828],[59.326211,18.072506],[59.325924,18.071304],[59.325857,18.071231],[59.3258,18.071275],[59.325776,18.071432],[59.325797,18.071517]]
[[59.329143,18.068549],[59.329125,18.068766],[59.329151,18.068944],[59.329028,18.069074],[59.328606,18.069585],[59.327734,18.070603],[59.327582,18.070772],[59.327485,18.070892],[59.327324,18.070397],[59.327311,18.070357],[59.327001,18.069394],[59.326971,18.069297],[59.326674,18.068494],[59.326235,18.067559],[59.326086,18.067198],[59.326649,18.066313],[59.326692,18.066205]]
[[59.329143,18.068549],[59.329125,18.068766],[59.329151,18.068944],[59.329209,18.069147],[59.329477,18.07178],[59.329572,18.072915],[59.329625,18.073295],[59.329628,18.073484],[59.32967,18.07397],[59.329743,18.074576],[59.329794,18.074695],[59.330434,18.075697],[59.331035,18.0766],[59.331123,18.076652],[59.33118,18.076649],[59.331225,18.076593],[59.331339,18.076342],[59.331427,18.076194],[59.331534,18.076088],[59.331677,18.076022],[59.331805,18.076029],[59.331823,18.076031],[59.331921,18.076095],[59.332111,18.076255],[59.332269,18.076543],[59.332337,18.076713],[59.332393,18.076826],[59.332456,18.077017],[59.332487,18.077115],[59.33254,18.077184],[59.332685,18.077221],[59.33272,18.077101],[59.332936,18.076172],[59.332982,18.07583],[59.332988,18.075782],[59.332999,18.07572],[59.333029,18.075517],[59.333013,18.075116],[59.332989,18.073805],[59.333009,18.073672],[59.333129,18.07358],[59.333514,18.073539],[59.333606,18.073577],[59.33366,18.073664],[59.333666,18.073697]]
[[59.329143,18.068549],[59.329125,18.068766],[59.329151,18.068944],[59.329028,18.069074],[59.328606,18.069585],[59.327734,18.070603],[59.327582,18.070772],[59.327485,18.070892],[59.327554,18.071105],[59.327607,18.071272],[59.327658,18.071434],[59.327804,18.071896],[59.327881,18.072131],[59.327926,18.072376],[59.327938,18.072486],[59.327924,18.072785],[59.327935,18.072866],[59.327887,18.072884],[59.327752,18.073015],[59.326781,18.074179],[59.326664,18.074316],[59.326603,18.074105],[59.326514,18.074032],[59.326234,18.072828],[59.326211,18.072506],[59.326335,18.072237]]
[[59.329143,18.068549],[59.329148,18.068486],[59.329199,18.068305],[59.329304,18.068192],[59.329403,18.06821],[59.32944,18.068257],[59.32957,18.068674],[59.329595,18.068831],[59.329725,18.068704],[59.330111,18.068601],[59.330197,18.068541],[59.330126,18.068222],[59.330039,18.067827],[59.329974,18.067533],[59.329912,18.067341],[59.329876,18.067257],[59.329502,18.065858],[59.329445,18.065594]]
[[59.329143,18.068549],[59.329125,18.068766],[59.329151,18.068944],[59.329028,18.069074],[59.328606,18.069585],[59.327734,18.070603],[59.327582,18.070772],[59.327485,18.070892],[59.327554,18.071105],[59.327607,18.071272],[59.327658,18.071434],[59.327804,18.071896],[59.32788,18.072126]]
[[59.329143,18.068549],[59.32914,18.068581]]
[[59.329143,18.068549],[59.329125,18.068766],[59.329151,18.068944],[59.329028,18.069074],[59.328606,18.069585],[59.328043,18.070242]]
[[59.329143,18.068549],[59.329148,18.068486],[59.329199,18.068305],[59.329304,18.068192],[59.329403,18.06821],[59.32944,18.068257],[59.32957,18.068674],[59.329595,18.068831],[59.329725,18.068704],[59.330111,18.068601],[59.330197,18.068541],[59.330126,18.068222],[59.330039,18.067827],[59.329974,18.067533],[59.329912,18.067341],[59.329876,18.067257],[59.329532,18.06597]]
[[59.329143,18.068549],[59.329148,18.068486],[59.329199,18.068305],[59.329304,18.068192],[59.329403,18.06821],[59.32944,18.068257],[59.32957,18.068674],[59.329595,18.068831],[59.329725,18.068704],[59.330111,18.068601],[59.330197,18.068541],[59.330372,18.068451],[59.33043,18.06844],[59.330692,18.0684],[59.330773,18.068387],[59.330866,18.068373],[59.331049,18.068345],[59.33159,18.068253],[59.331711,18.068232]]
[[59.329143,18.068549],[59.329148,18.068486],[59.329199,18.068305],[59.329304,18.068192],[59.329403,18.06821],[59.32944,18.068257],[59.32957,18.068674],[59.329595,18.068831],[59.329725,18.068704],[59.330111,18.068601],[59.330197,18.068541],[59.330126,18.068222],[59.330039,18.067827],[59.329974,18.067533],[59.329912,18.067341],[59.329876,18.067257],[59.329502,18.065858],[59.329438,18.065563],[59.329412,18.065369],[59.329371,18.065214],[59.329328,18.065047],[59.329293,18.064914],[59.329224,18.064649],[59.329151,18.064366],[59.329136,18.064304],[59.329108,18.06419],[59.329084,18.064095],[59.32902,18.063834],[59.32894,18.063493],[59.328896,18.063073],[59.328797,18.062366],[59.328768,18.062026],[59.3287,18.061588],[59.328686,18.061453],[59.328701,18.061274],[59.328729,18.061168],[59.328794,18.061033],[59.329017,18.060836],[59.329288,18.060594],[59.329318,18.060511],[59.329379,18.060438],[59.329391,18.060389],[59.329385,18.060308],[59.329282,18.06002],[59.329123,18.059705],[59.329066,18.059622],[59.328997,18.059571],[59.328866,18.059522],[59.328685,18.059601],[59.328318,18.059859],[59.328127,18.060109],[59.327965,18.060461],[59.3264,18.063485],[59.325604,18.064787],[59.325326,18.065164],[59.324864,18.065695],[59.324633,18.06591],[59.324449,18.066049]]
[[59.329143,18.068549],[59.329148,18.068486],[59.329199,18.068305],[59.329304,18.068192],[59.329403,18.06821],[59.32944,18.068257],[59.32957,18.068674],[59.329595,18.068831],[59.329725,18.068704],[59.330111,18.068601],[59.330197,18.068541],[59.330126,18.068222],[59.330039,18.067827],[59.329974,18.067533],[59.329912,18.067341],[59.329876,18.067257],[59.329502,18.065858],[59.329438,18.065563],[59.329412,18.065369],[59.329371,18.065214],[59.329328,18.065047],[59.329293,18.064914],[59.329224,18.064649],[59.329208,18.064588]]
[[59.329143,18.068549],[59.329148,18.068486],[59.329199,18.068305],[59.329304,18.068192],[59.329403,18.06821],[59.32944,18.068257],[59.32957,18.068674],[59.329595,18.068831],[59.329725,18.068704],[59.330111,18.068601],[59.330197,18.068541],[59.330126,18.068222],[59.330039,18.067827],[59.329974,18.067533],[59.329912,18.067341],[59.329876,18.067257],[59.329502,18.065858],[59.329438,18.065563],[59.329434,18.065531]]
[[59.329143,18.068549],[59.329125,18.068766],[59.329151,18.068944],[59.329209,18.069147],[59.329304,18.070081]]
[[59.329143,18.068549],[59.329125,18.068766],[59.329151,18.068944],[59.329209,18.069147],[59.329477,18.07178],[59.329572,18.072915],[59.329625,18.073295],[59.329628,18.073484],[59.32967,18.07397],[59.329743,18.074576],[59.329794,18.074695],[59.330434,18.075697],[59.331035,18.0766],[59.331123,18.076652],[59.33118,18.076649],[59.331225,18.076593],[59.331339,18.076342],[59.331427,18.076194],[59.331534,18.076088],[59.331677,18.076022],[59.331805,18.076029],[59.331823,18.076031],[59.331921,18.076095],[59.332111,18.076255],[59.332269,18.076543],[59.332337,18.076713],[59.332393,18.076826],[59.332456,18.077017],[59.332487,18.077115],[59.33254,18.077184],[59.332685,18.077221],[59.33272,18.077101],[59.332936,18.076172],[59.332982,18.07583],[59.332988,18.075782],[59.332999,18.07572],[59.333029,18.075517],[59.333013,18.075116],[59.332989,18.073805],[59.333009,18.073672],[59.333129,18.07358],[59.333514,18.073539],[59.333606,18.073577],[59.33366,18.073664]]
[[59.329143,18.068549],[59.329125,18.068766],[59.329151,18.068944],[59.329028,18.069074],[59.328606,18.069585],[59.327734,18.070603],[59.327582,18.070772],[59.327485,18.070892],[59.327554,18.071105],[59.327607,18.071272],[59.327658,18.071434],[59.327804,18.071896],[59.327881,18.072131],[59.327926,18.072376],[59.327938,18.072486],[59.327924,18.072785],[59.327935,18.072866],[59.327887,18.072884],[59.327752,18.073015],[59.326781,18.074179],[59.326664,18.074316],[59.326603,18.074105],[59.326648,18.073954]]
[[59.329143,18.068549],[59.329125,18.068766],[59.329151,18.068944],[59.329028,18.069074],[59.328606,18.069585],[59.327734,18.070603],[59.327582,18.070772],[59.327485,18.070892],[59.327324,18.070397],[59.327311,18.070357],[59.327001,18.069394],[59.326971,18.069297],[59.326674,18.068494],[59.326235,18.067559],[59.326086,18.067198],[59.325831,18.066617],[59.325758,18.066542],[59.325635,18.066248],[59.325542,18.066054],[59.3255,18.066001],[59.325454,18.065995],[59.325471,18.066176],[59.325522,18.066244],[59.325742,18.066776],[59.325783,18.066871],[59.325826,18.066963],[59.325932,18.067133],[59.32609,18.067355]]
[[59.329143,18.068549],[59.329125,18.068766],[59.329151,18.068944],[59.329209,18.069147],[59.329477,18.07178],[59.329572,18.072915],[59.329625,18.073295],[59.329628,18.073484],[59.32967,18.07397],[59.329743,18.074576],[59.329794,18.074695],[59.330434,18.075697],[59.331035,18.0766],[59.331123,18.076652],[59.33118,18.076649],[59.331225,18.076593],[59.331339,18.076342],[59.331427,18.076194],[59.331534,18.076088],[59.331677,18.076022],[59.331805,18.076029],[59.331823,18.076031],[59.331921,18.076095],[59.332111,18.076255],[59.332269,18.076543],[59.332337,18.076713],[59.332393,18.076826],[59.332456,18.077017],[59.332487,18.077115],[59.33254,18.077184],[59.332685,18.077221],[59.33272,18.077101],[59.332936,18.076172],[59.332982,18.07583],[59.332988,18.075782],[59.332999,18.07572],[59.333029,18.075517],[59.333013,18.075116],[59.332989,18.073805],[59.333009,18.073672],[59.333129,18.07358],[59.333404,18.07355]]
[[59.329143,18.068549],[59.329125,18.068766],[59.329151,18.068944],[59.329028,18.069074],[59.328606,18.069585],[59.327734,18.070603],[59.327582,18.070772],[59.327485,18.070892],[59.327554,18.071105],[59.327607,18.071272],[59.327658,18.071434],[59.327804,18.071896],[59.327881,18.072131],[59.327926,18.072376],[59.327938,18.072486],[59.327924,18.072785],[59.327935,18.072866],[59.327887,18.072884],[59.327324,18.07104],[59.326834,18.069438]]
[[59.329143,18.068549],[59.329148,18.068486],[59.329199,18.068305],[59.329304,18.068192],[59.329403,18.06821],[59.32944,18.068257],[59.32957,18.068674],[59.329595,18.068831],[59.329725,18.068704],[59.330111,18.068601],[59.330197,18.068541],[59.330126,18.068222],[59.330039,18.067827],[59.329974,18.067533],[59.329912,18.067341],[59.329996,18.067293],[59.330496,18.066776],[59.330699,18.066562],[59.330774,18.066488],[59.330903,18.066361],[59.331112,18.066155],[59.331388,18.065888],[59.331478,18.065873],[59.331532,18.065937],[59.331616,18.066421],[59.33166,18.066587],[59.331697,18.066623],[59.33199,18.066575]]
[[59.329143,18.068549],[59.329148,18.068486],[59.329199,18.068305],[59.329304,18.068192],[59.329403,18.06821],[59.32944,18.068257],[59.32957,18.068674],[59.329595,18.068831],[59.329725,18.068704],[59.330111,18.068601],[59.330197,18.068541],[59.330126,18.068222],[59.330039,18.067827],[59.329974,18.067533],[59.329912,18.067341],[59.329996,18.067293],[59.330496,18.066776],[59.330699,18.066562],[59.330774,18.066488],[59.330903,18.066361],[59.331112,18.066155],[59.331388,18.065888],[59.331478,18.065873],[59.331492,18.065697]]
[[59.329143,18.068549],[59.329125,18.068766],[59.329151,18.068944],[59.329209,18.069147],[59.329376,18.070787]]
[[59.329143,18.068549],[59.329125,18.068766],[59.329151,18.068944],[59.329028,18.069074],[59.328606,18.069585],[59.327734,18.070603],[59.327582,18.070772],[59.327485,18.070892],[59.327554,18.071105],[59.327607,18.071272],[59.327658,18.071434],[59.327804,18.071896],[59.327881,18.072131],[59.327926,18.072376],[59.327938,18.072486],[59.327924,18.072785],[59.327935,18.072866],[59.327887,18.072884],[59.327752,18.073015],[59.326781,18.074179],[59.326664,18.074316],[59.326603,18.074105],[59.326514,18.074032],[59.326234,18.072828],[59.326211,18.072506],[59.325924,18.071304],[59.325857,18.071231],[59.3258,18.071275],[59.325662,18.071141]]
[[59.329143,18.068549],[59.329148,18.068486],[59.329199,18.068305],[59.329304,18.068192],[59.329403,18.06821],[59.32944,18.068257],[59.32957,18.068674],[59.329595,18.068831],[59.329725,18.068704],[59.330111,18.068601],[59.330197,18.068541],[59.330372,18.068451],[59.33043,18.06844],[59.330692,18.0684],[59.330773,18.068387],[59.330866,18.068373],[59.331049,18.068345],[59.33159,18.068253],[59.331757,18.068223],[59.33205,18.068171],[59.332107,18.06816],[59.332224,18.068139],[59.332376,18.068112],[59.332572,18.068081],[59.332646,18.068071],[59.332634,18.067719],[59.332565,18.066071],[59.332584,18.065901],[59.332672,18.065665],[59.332758,18.06549],[59.332795,18.065344],[59.332803,18.065107],[59.332781,18.064933],[59.33276,18.064863],[59.33271,18.064781],[59.332616,18.06471],[59.33251,18.06472],[59.332416,18.064812],[59.332412,18.06482]]
[[59.329143,18.068549],[59.329148,18.068486],[59.329199,18.068305],[59.329304,18.068192],[59.329403,18.06821],[59.32944,18.068257],[59.32957,18.068674],[59.329595,18.068831],[59.329725,18.068704],[59.330111,18.068601],[59.330197,18.068541],[59.330126,18.068222],[59.330039,18.067827],[59.329974,18.067533],[59.329912,18.067341],[59.329876,18.067257],[59.329502,18.065858],[59.329438,18.065563],[59.329412,18.065369],[59.329371,18.065214],[59.329328,18.065047],[59.329293,18.064914],[59.329224,18.064649],[59.329151,18.064366],[59.329136,18.064304],[59.329108,18.06419],[59.329084,18.064095],[59.32902,18.063834],[59.32894,18.063493],[59.329182,18.063317],[59.329302,18.063275],[59.329742,18.062826],[59.330015,18.063888]]
[[59.329143,18.068549],[59.329125,18.068766],[59.329151,18.068944],[59.329209,18.069147],[59.329477,18.07178],[59.329483,18.071845]]
[[59.329143,18.068549],[59.329148,18.068486],[59.329199,18.068305],[59.329304,18.068192],[59.329403,18.06821],[59.32944,18.068257],[59.32957,18.068674],[59.329595,18.068831],[59.329725,18.068704],[59.330111,18.068601],[59.330197,18.068541],[59.330126,18.068222],[59.330039,18.067827],[59.329974,18.067533],[59.329912,18.067341],[59.329876,18.067257],[59.329502,18.065858],[59.329438,18.065563],[59.329412,18.065369],[59.329371,18.065214],[59.329328,18.065047],[59.329293,18.064914],[59.329224,18.064649],[59.329151,18.064366],[59.329136,18.064304],[59.329108,18.06419],[59.329084,18.064095],[59.32902,18.063834],[59.32894,18.063493],[59.329182,18.063317],[59.329302,18.063275],[59.329742,18.062826],[59.330167,18.064475]]
[[59.329143,18.068549],[59.329125,18.068766],[59.329151,18.068944],[59.329028,18.069074],[59.328606,18.069585],[59.327734,18.070603],[59.327582,18.070772],[59.327485,18.070892],[59.327554,18.071105],[59.327607,18.071272],[59.327658,18.071434],[59.327804,18.071896],[59.327881,18.072131],[59.327926,18.072376],[59.327938,18.072486],[59.327924,18.072785],[59.327935,18.072866],[59.327887,18.072884],[59.327752,18.073015],[59.326781,18.074179],[59.326664,18.074316],[59.326603,18.074105],[59.326514,18.074032],[59.326234,18.072828],[59.326211,18.072506],[59.325924,18.071304],[59.325857,18.071231],[59.3258,18.071275],[59.325662,18.071141]]
[[59.329143,18.068549],[59.329125,18.068766],[59.329151,18.068944],[59.329028,18.069074],[59.328606,18.069585],[59.327734,18.070603],[59.327582,18.070772],[59.327485,18.070892],[59.327554,18.071105],[59.327607,18.071272],[59.327658,18.071434],[59.327804,18.071896],[59.327881,18.072131],[59.327926,18.072376],[59.327938,18.072486],[59.327924,18.072785],[59.327935,18.072866],[59.327887,18.072884],[59.327752,18.073015],[59.327135,18.073754]]
[[59.329143,18.068549],[59.329148,18.068486],[59.329199,18.068305],[59.329304,18.068192],[59.329403,18.06821],[59.32944,18.068257],[59.32957,18.068674],[59.329595,18.068831],[59.329725,18.068704],[59.330111,18.068601],[59.330197,18.068541],[59.330126,18.068222],[59.330039,18.067827],[59.329974,18.067533],[59.329912,18.067341],[59.329876,18.067257],[59.329502,18.065858],[59.329438,18.065563],[59.329412,18.065369],[59.329371,18.065214],[59.329328,18.065047],[59.329293,18.064914],[59.329224,18.064649],[59.329151,18.064366],[59.329136,18.064304],[59.329108,18.06419],[59.329084,18.064095],[59.32902,18.063834],[59.32894,18.063493],[59.328896,18.063073],[59.328797,18.062366],[59.328722,18.062089],[59.328643,18.061638],[59.328563,18.061357],[59.328522,18.061226],[59.32844,18.061508],[59.328358,18.061899],[59.328334,18.062147],[59.328185,18.062916],[59.328139,18.062979],[59.327305,18.064324],[59.326703,18.065286],[59.326642,18.065373],[59.326576,18.065456],[59.326264,18.064714],[59.326258,18.064637]]
[[59.329143,18.068549],[59.329148,18.068486],[59.329199,18.068305],[59.329304,18.068192],[59.329403,18.06821],[59.32944,18.068257],[59.32957,18.068674],[59.329595,18.068831],[59.329725,18.068704],[59.330111,18.068601],[59.330197,18.068541],[59.330372,18.068451],[59.33043,18.06844],[59.330692,18.0684],[59.330773,18.068387],[59.330866,18.068373],[59.331049,18.068345],[59.33159,18.068253],[59.331757,18.068223],[59.33205,18.068171],[59.332107,18.06816],[59.332224,18.068139],[59.332376,18.068112],[59.332572,18.068081],[59.332646,18.068071],[59.333466,18.067907],[59.333626,18.067887],[59.334038,18.067834],[59.334197,18.067812]]
[[59.329143,18.068549],[59.329125,18.068766],[59.329151,18.068944],[59.329209,18.069147],[59.329477,18.07178],[59.329572,18.072915],[59.329625,18.073295],[59.329628,18.073484],[59.32967,18.07397],[59.329743,18.074576],[59.329773,18.074411],[59.329774,18.074252],[59.329699,18.073587]]
[[59.329143,18.068549],[59.329148,18.068486],[59.329199,18.068305],[59.329304,18.068192],[59.329403,18.06821],[59.32944,18.068257],[59.32957,18.068674],[59.329595,18.068831],[59.329725,18.068704],[59.330111,18.068601],[59.330197,18.068541],[59.330372,18.068451],[59.33043,18.06844],[59.330692,18.0684],[59.330773,18.068387],[59.330866,18.068373],[59.331049,18.068345],[59.33159,18.068253],[59.331757,18.068223],[59.33205,18.068171],[59.332107,18.06816],[59.332224,18.068139],[59.332376,18.068112],[59.332572,18.068081],[59.33263,18.069524],[59.332692,18.070884]]
[[59.329143,18.068549],[59.329125,18.068766],[59.329151,18.068944],[59.329028,18.069074],[59.328606,18.069585],[59.327734,18.070603],[59.327582,18.070772],[59.327485,18.070892],[59.327324,18.070397],[59.327311,18.070357],[59.327001,18.069394],[59.326971,18.069297],[59.326957,18.069257]]
[[59.329143,18.068549],[59.329125,18.068766],[59.329151,18.068944],[59.329028,18.069074],[59.328606,18.069585],[59.327734,18.070603],[59.327582,18.070772],[59.327485,18.070892],[59.327554,18.071105],[59.327607,18.071272],[59.327658,18.071434],[59.327804,18.071896],[59.327881,18.072131],[59.327926,18.072376],[59.327938,18.072486],[59.327924,18.072785],[59.327935,18.072866],[59.327887,18.072884],[59.327752,18.073015],[59.327718,18.073056]]
[[59.329143,18.068549],[59.329125,18.068766],[59.329151,18.068944],[59.329209,18.069147],[59.329477,18.07178],[59.329572,18.072915],[59.329625,18.073295],[59.329628,18.073484],[59.32967,18.07397],[59.329743,18.074576],[59.329773,18.074411],[59.329774,18.074252],[59.330469,18.073652]]
[[59.329143,18.068549],[59.329148,18.068486],[59.329199,18.068305],[59.329304,18.068192],[59.329403,18.06821],[59.32944,18.068257],[59.32957,18.068674],[59.329595,18.068831],[59.329725,18.068704],[59.330111,18.068601],[59.330197,18.068541],[59.330372,18.068451],[59.33043,18.06844],[59.330692,18.0684],[59.330773,18.068387],[59.330866,18.068373],[59.331049,18.068345],[59.33159,18.068253],[59.331757,18.068223],[59.33205,18.068171],[59.332107,18.06816],[59.332224,18.068139],[59.332376,18.068112],[59.332572,18.068081],[59.33263,18.069524],[59.332713,18.071351],[59.332758,18.071607],[59.332818,18.071838],[59.332904,18.07237],[59.332928,18.073429]]
[[59.329143,18.068549],[59.329125,18.068766],[59.329151,18.068944],[59.329209,18.069147],[59.329453,18.07154]]
[[59.329143,18.068549],[59.329125,18.068766],[59.329151,18.068944],[59.329028,18.069074],[59.328606,18.069585],[59.327734,18.070603],[59.327582,18.070772],[59.327485,18.070892],[59.327324,18.070397],[59.327311,18.070357],[59.327001,18.069394],[59.326971,18.069297],[59.326674,18.068494],[59.326356,18.067817]]
[[59.329143,18.068549],[59.329148,18.068486],[59.329199,18.068305],[59.329304,18.068192],[59.329403,18.06821],[59.32944,18.068257],[59.32957,18.068674],[59.329595,18.068831],[59.329725,18.068704],[59.330111,18.068601],[59.330197,18.068541],[59.330336,18.068469]]
[[59.329143,18.068549],[59.329125,18.068766],[59.329151,18.068944],[59.329028,18.069074],[59.328648,18.069535]]
[[59.329143,18.068549],[59.329148,18.068486],[59.329199,18.068305],[59.329304,18.068192],[59.329403,18.06821],[59.32944,18.068257],[59.32957,18.068674],[59.329595,18.068831],[59.329725,18.068704],[59.330111,18.068601],[59.330197,18.068541],[59.330372,18.068451],[59.33043,18.06844],[59.330692,18.0684],[59.330773,18.068387],[59.330866,18.068373],[59.331049,18.068345],[59.33159,18.068253],[59.331757,18.068223],[59.33205,18.068171],[59.332107,18.06816],[59.332224,18.068139],[59.332376,18.068112],[59.332572,18.068081],[59.332646,18.068071],[59.333466,18.067907],[59.333626,18.067887],[59.334038,18.067834],[59.334,18.067491],[59.333922,18.066864],[59.33391,18.066771],[59.333884,18.066558],[59.333861,18.066379],[59.333815,18.066095],[59.333574,18.066168]]
[[59.329143,18.068549],[59.329125,18.068766],[59.329151,18.068944],[59.329028,18.069074],[59.328606,18.069585],[59.327734,18.070603],[59.327582,18.070772],[59.327485,18.070892],[59.327324,18.070397],[59.327311,18.070357],[59.327001,18.069394],[59.326971,18.069297],[59.326674,18.068494],[59.326235,18.067559],[59.326086,18.067198],[59.326649,18.066313],[59.326692,18.066205]]
[[59.329143,18.068549],[59.329125,18.068766],[59.329151,18.068944],[59.329028,18.069074],[59.328606,18.069585],[59.327734,18.070603],[59.327582,18.070772],[59.327485,18.070892],[59.327554,18.071105],[59.327607,18.071272],[59.327658,18.071434],[59.327804,18.071896],[59.327881,18.072131],[59.327926,18.072376],[59.327938,18.072486],[59.327924,18.072785],[59.327935,18.072866],[59.328037,18.073002],[59.328109,18.072986],[59.32819,18.072994],[59.32845,18.073053]]
[[59.329143,18.068549],[59.329148,18.068486],[59.329199,18.068305],[59.329304,18.068192],[59.329403,18.06821],[59.32944,18.068257],[59.32957,18.068674],[59.329595,18.068831],[59.329725,18.068704],[59.330111,18.068601],[59.330197,18.068541],[59.330126,18.068222],[59.330039,18.067827],[59.329974,18.067533],[59.329912,18.067341],[59.329876,18.067257],[59.329502,18.065858],[59.329438,18.065563],[59.329412,18.065369],[59.329371,18.065214],[59.329328,18.065047],[59.329293,18.064914],[59.329224,18.064649],[59.329151,18.064366],[59.329136,18.064304],[59.329108,18.06419],[59.329084,18.064095],[59.32902,18.063834],[59.32894,18.063493],[59.328896,18.063073],[59.328797,18.062366],[59.328722,18.062089],[59.328643,18.061638],[59.328563,18.061357],[59.328522,18.061226],[59.32844,18.061508],[59.328358,18.061899],[59.328334,18.062147],[59.328185,18.062916],[59.328139,18.062979],[59.327305,18.064324],[59.327113,18.064631]]
[[59.329143,18.068549],[59.329148,18.068486],[59.329199,18.068305],[59.329304,18.068192],[59.329403,18.06821],[59.32944,18.068257],[59.32957,18.068674],[59.329595,18.068831],[59.329725,18.068704],[59.330111,18.068601],[59.330197,18.068541],[59.330126,18.068222],[59.330039,18.067827],[59.329974,18.067533],[59.329912,18.067341],[59.329876,18.067257],[59.329502,18.065858],[59.329438,18.065563],[59.329412,18.065369],[59.329371,18.065214],[59.329328,18.065047],[59.329293,18.064914],[59.329224,18.064649],[59.329151,18.064366],[59.329136,18.064304],[59.329108,18.06419],[59.329084,18.064095],[59.32902,18.063834],[59.32894,18.063493],[59.329182,18.063317],[59.329302,18.063275],[59.329742,18.062826],[59.329803,18.062769],[59.329875,18.06277],[59.32988,18.062782],[59.330498,18.065148],[59.330647,18.065605],[59.330733,18.065803],[59.330866,18.066025],[59.331039,18.066209],[59.331138,18.066281],[59.33135,18.066353],[59.331465,18.066353],[59.331705,18.066274],[59.331895,18.066168]]
[[59.329143,18.068549],[59.329148,18.068486],[59.329199,18.068305],[59.329304,18.068192],[59.329403,18.06821],[59.32944,18.068257],[59.32957,18.068674],[59.329595,18.068831],[59.329725,18.068704],[59.330111,18.068601],[59.330197,18.068541],[59.330126,18.068222],[59.330039,18.067827],[59.329974,18.067533],[59.329912,18.067341],[59.329876,18.067257],[59.329502,18.065858],[59.329438,18.065563],[59.329412,18.065369],[59.329371,18.065214],[59.329328,18.065047],[59.329293,18.064914],[59.329224,18.064649],[59.329151,18.064366],[59.329136,18.064304],[59.329108,18.06419],[59.329084,18.064095],[59.32902,18.063834],[59.32894,18.063493],[59.329182,18.063317],[59.329302,18.063275],[59.329742,18.062826],[59.329803,18.062769],[59.329875,18.06277],[59.32988,18.062782],[59.330157,18.063843]]
[[59.329143,18.068549],[59.329125,18.068766],[59.329151,18.068944],[59.329209,18.069147],[59.329477,18.07178],[59.329572,18.072915],[59.329625,18.073295],[59.329628,18.073484],[59.32967,18.07397],[59.329743,18.074576],[59.329773,18.074411],[59.329774,18.074252],[59.330124,18.07395]]
[[59.329143,18.068549],[59.329148,18.068486],[59.329199,18.068305],[59.329304,18.068192],[59.329403,18.06821],[59.32944,18.068257],[59.32957,18.068674],[59.329595,18.068831],[59.329725,18.068704],[59.330111,18.068601],[59.330197,18.068541],[59.330372,18.068451],[59.33043,18.06844],[59.330692,18.0684],[59.330773,18.068387],[59.330866,18.068373],[59.331049,18.068345],[59.33159,18.068253],[59.331757,18.068223],[59.33205,18.068171],[59.332107,18.06816],[59.332224,18.068139],[59.332376,18.068112],[59.332572,18.068081],[59.33263,18.069524],[59.332506,18.069556],[59.332397,18.069582],[59.331969,18.069687],[59.331844,18.069727],[59.331677,18.06978],[59.33165,18.069789],[59.331413,18.069863]]
[[59.329143,18.068549],[59.329148,18.068486],[59.329199,18.068305],[59.329304,18.068192],[59.329403,18.06821],[59.32944,18.068257],[59.32957,18.068674],[59.329595,18.068831],[59.329725,18.068704],[59.330111,18.068601],[59.330197,18.068541],[59.330126,18.068222],[59.330039,18.067827],[59.329974,18.067533],[59.329912,18.067341],[59.329436,18.067819],[59.329346,18.067981],[59.329345,18.067984]]
[[59.329143,18.068549],[59.329125,18.068766],[59.329151,18.068944],[59.329209,18.069147],[59.329477,18.07178],[59.329572,18.072915],[59.329625,18.073295],[59.329628,18.073484],[59.32967,18.07397],[59.329743,18.074576],[59.329773,18.074411],[59.329774,18.074252],[59.330469,18.073652]]
[[59.329143,18.068549],[59.329148,18.068486],[59.329199,18.068305],[59.329304,18.068192],[59.329403,18.06821],[59.32944,18.068257],[59.32957,18.068674],[59.329595,18.068831],[59.329725,18.068704],[59.330111,18.068601],[59.330197,18.068541],[59.330372,18.068451],[59.33043,18.06844],[59.330692,18.0684],[59.330773,18.068387],[59.330866,18.068373],[59.331049,18.068345],[59.33159,18.068253],[59.331757,18.068223],[59.33205,18.068171],[59.332107,18.06816],[59.332224,18.068139],[59.332376,18.068112],[59.332572,18.068081],[59.33263,18.069524],[59.332713,18.071351],[59.332758,18.071607],[59.332823,18.071543],[59.332874,18.071515],[59.33271,18.068483],[59.332706,18.068423]]
[[59.329143,18.068549],[59.329148,18.068486],[59.329199,18.068305],[59.329304,18.068192],[59.329403,18.06821],[59.32944,18.068257],[59.32957,18.068674],[59.329595,18.068831],[59.329725,18.068704],[59.330111,18.068601],[59.330197,18.068541],[59.330372,18.068451],[59.33043,18.06844],[59.330692,18.0684],[59.330773,18.068387],[59.330866,18.068373],[59.331049,18.068345],[59.33159,18.068253],[59.331757,18.068223],[59.33205,18.068171],[59.332107,18.06816],[59.332224,18.068139],[59.332376,18.068112],[59.332572,18.068081],[59.332646,18.068071],[59.333466,18.067907],[59.333626,18.067887],[59.334038,18.067834],[59.334,18.067491],[59.333922,18.066864],[59.33391,18.066771],[59.333884,18.066558],[59.333861,18.066379],[59.333815,18.066095],[59.333742,18.065763],[59.333662,18.065397],[59.33341,18.064371],[59.333386,18.064277],[59.333379,18.064253],[59.33332,18.06402],[59.333292,18.063912]]
[[59.329143,18.068549],[59.329125,18.068766],[59.329151,18.068944],[59.329028,18.069074],[59.328606,18.069585],[59.327734,18.070603],[59.327582,18.070772],[59.327485,18.070892],[59.327324,18.070397],[59.327311,18.070357],[59.327001,18.069394],[59.326971,18.069297],[59.326674,18.068494],[59.326235,18.067559],[59.326086,18.067198],[59.326649,18.066313],[59.326692,18.066205],[59.326724,18.066027],[59.326721,18.065881],[59.326684,18.065644],[59.326685,18.065473],[59.326732,18.065353],[59.327404,18.064274]]
[[59.329143,18.068549],[59.329148,18.068486],[59.329199,18.068305],[59.329304,18.068192],[59.329403,18.06821],[59.32944,18.068257],[59.32957,18.068674],[59.329595,18.068831],[59.329725,18.068704],[59.330111,18.068601],[59.330197,18.068541],[59.330126,18.068222],[59.330039,18.067827],[59.329974,18.067533],[59.329912,18.067341],[59.329876,18.067257],[59.329502,18.065858],[59.329438,18.065563],[59.329412,18.065369],[59.329371,18.065214],[59.329328,18.065047],[59.329293,18.064914],[59.329224,18.064649],[59.329151,18.064366],[59.329136,18.064304],[59.329108,18.06419],[59.329084,18.064095],[59.32902,18.063834],[59.32894,18.063493],[59.328896,18.063073],[59.328797,18.062366],[59.328722,18.062089],[59.328643,18.061638],[59.328563,18.061357],[59.328522,18.061226],[59.32844,18.061508],[59.328358,18.061899],[59.328334,18.062147],[59.328185,18.062916],[59.328139,18.062979],[59.327305,18.064324],[59.326808,18.065118]]
[[59.329143,18.068549],[59.329125,18.068766],[59.329151,18.068944],[59.329028,18.069074],[59.328606,18.069585],[59.327734,18.070603],[59.327582,18.070772],[59.327485,18.070892],[59.327554,18.071105],[59.327607,18.071272],[59.327658,18.071434],[59.327804,18.071896],[59.327881,18.072131],[59.327926,18.072376],[59.327938,18.072486],[59.327924,18.072785],[59.327935,18.072866],[59.327887,18.072884],[59.327752,18.073015],[59.326781,18.074179],[59.326664,18.074316],[59.326603,18.074105],[59.326514,18.074032],[59.326234,18.072828],[59.326211,18.072506],[59.326168,18.072329]]
[[59.329143,18.068549],[59.329125,18.068766],[59.329151,18.068944],[59.329028,18.069074],[59.328606,18.069585],[59.327734,18.070603],[59.327582,18.070772],[59.327485,18.070892],[59.327324,18.070397],[59.327311,18.070357],[59.327001,18.069394],[59.326971,18.069297],[59.326674,18.068494],[59.326235,18.067559],[59.326086,18.067198],[59.325831,18.066617],[59.325758,18.066542],[59.325635,18.066248],[59.325542,18.066054],[59.3255,18.066001],[59.325454,18.065995],[59.325471,18.066176],[59.325522,18.066244],[59.325592,18.066413]]
[[59.329143,18.068549],[59.329148,18.068486],[59.329199,18.068305],[59.329304,18.068192],[59.329403,18.06821],[59.32944,18.068257],[59.32957,18.068674],[59.329595,18.068831],[59.329725,18.068704],[59.330111,18.068601],[59.330197,18.068541],[59.330372,18.068451],[59.33043,18.06844],[59.330692,18.0684],[59.330773,18.068387],[59.330866,18.068373],[59.331049,18.068345],[59.33159,18.068253],[59.331757,18.068223],[59.33205,18.068171],[59.332107,18.06816],[59.332224,18.068139],[59.332376,18.068112],[59.332572,18.068081],[59.332646,18.068071],[59.333466,18.067907],[59.333626,18.067887],[59.334038,18.067834],[59.334,18.067491],[59.333922,18.066864],[59.33391,18.066771],[59.333884,18.066558],[59.333861,18.066379],[59.333815,18.066095],[59.333742,18.065763],[59.333662,18.065397],[59.33341,18.064371],[59.333386,18.064277],[59.333379,18.064253],[59.33332,18.06402],[59.333243,18.063721],[59.333231,18.063676]]
[[59.329143,18.068549],[59.329148,18.068486],[59.329199,18.068305],[59.329304,18.068192],[59.329403,18.06821],[59.32944,18.068257],[59.32957,18.068674],[59.329595,18.068831],[59.329725,18.068704],[59.330111,18.068601],[59.330197,18.068541],[59.330126,18.068222],[59.330039,18.067827],[59.329974,18.067533],[59.329912,18.067341],[59.329876,18.067257],[59.329502,18.065858],[59.329438,18.065563],[59.329412,18.065369],[59.329371,18.065214],[59.329328,18.065047],[59.329293,18.064914],[59.329224,18.064649],[59.329151,18.064366],[59.329136,18.064304],[59.329108,18.06419],[59.329084,18.064095],[59.32902,18.063834],[59.32894,18.063493],[59.328896,18.063073],[59.328797,18.062366],[59.328768,18.062026],[59.3287,18.061588],[59.328686,18.061453],[59.328701,18.061274],[59.328729,18.061168],[59.328794,18.061033],[59.329017,18.060836],[59.329288,18.060594],[59.329318,18.060511],[59.329379,18.060438],[59.329391,18.060389],[59.329385,18.060308],[59.329282,18.06002],[59.329123,18.059705],[59.329066,18.059622],[59.328997,18.059571],[59.328866,18.059522],[59.328685,18.059601],[59.328318,18.059859],[59.328127,18.060109],[59.327965,18.060461],[59.3264,18.063485],[59.325604,18.064787],[59.325326,18.065164],[59.324864,18.065695],[59.324633,18.06591],[59.324362,18.066115],[59.322721,18.067073],[59.321585,18.06775],[59.321136,18.06793],[59.320474,18.06826],[59.320082,18.068442],[59.32,18.068503],[59.319922,18.068629],[59.319893,18.068778],[59.319887,18.068882],[59.319901,18.068976],[59.319925,18.069071],[59.319999,18.069188],[59.320101,18.069235],[59.320634,18.069049],[59.320899,18.068923],[59.321011,18.068802],[59.320971,18.068041],[59.320863,18.068101],[59.320477,18.068287],[59.320461,18.068316],[59.320453,18.068413],[59.320485,18.068647],[59.320532,18.068771],[59.320628,18.068834],[59.32071,18.068778],[59.321083,18.068352],[59.321345,18.06805],[59.322733,18.067257],[59.324441,18.066269],[59.324949,18.065831],[59.325179,18.065587],[59.325542,18.065125],[59.325805,18.064743],[59.326013,18.064398]]
[[59.329143,18.068549],[59.329148,18.068486],[59.329199,18.068305],[59.329304,18.068192],[59.329403,18.06821],[59.32944,18.068257],[59.32957,18.068674],[59.329595,18.068831],[59.329725,18.068704],[59.329897,18.068658]]
[[59.329143,18.068549],[59.329125,18.068766],[59.329151,18.068944],[59.329028,18.069074],[59.328606,18.069585],[59.327734,18.070603],[59.327582,18.070772],[59.327485,18.070892],[59.327554,18.071105],[59.327607,18.071272],[59.327658,18.071434],[59.327804,18.071896],[59.327881,18.072131],[59.327926,18.072376],[59.327938,18.072486],[59.327924,18.072785],[59.327935,18.072866],[59.327887,18.072884],[59.327752,18.073015],[59.326781,18.074179],[59.326664,18.074316],[59.326603,18.074105],[59.326514,18.074032],[59.326234,18.072828],[59.326211,18.072506],[59.325924,18.071304],[59.325857,18.071231],[59.3258,18.071275],[59.325662,18.071141]]
[[59.329143,18.068549],[59.329148,18.068486],[59.329199,18.068305],[59.329304,18.068192],[59.329403,18.06821],[59.32944,18.068257],[59.32957,18.068674],[59.329595,18.068831],[59.329725,18.068704],[59.330111,18.068601],[59.330197,18.068541],[59.330126,18.068222],[59.330039,18.067827],[59.329974,18.067533],[59.329912,18.067341],[59.329996,18.067293],[59.330496,18.066776],[59.330699,18.066562],[59.330774,18.066488],[59.330903,18.066361],[59.331112,18.066155],[59.331388,18.065888],[59.331478,18.065873],[59.331502,18.065568],[59.331523,18.065514],[59.331812,18.065322],[59.331848,18.065261],[59.331846,18.065176],[59.331815,18.065123],[59.33178,18.065125],[59.331672,18.06522],[59.331584,18.065297],[59.331481,18.065387]]
[[59.329143,18.068549],[59.329125,18.068766],[59.329151,18.068944],[59.329028,18.069074],[59.328606,18.069585],[59.327734,18.070603],[59.327582,18.070772],[59.327485,18.070892],[59.327324,18.070397],[59.327311,18.070357],[59.327001,18.069394],[59.326971,18.069297],[59.326674,18.068494],[59.32655,18.068229]]
[[59.329143,18.068549],[59.329148,18.068486],[59.329199,18.068305],[59.329304,18.068192],[59.329403,18.06821],[59.32944,18.068257],[59.32957,18.068674],[59.329595,18.068831],[59.329725,18.068704],[59.330111,18.068601],[59.330197,18.068541],[59.330126,18.068222],[59.330039,18.067827],[59.329974,18.067533],[59.329912,18.067341],[59.329996,18.067293],[59.330467,18.066806]]
[[59.329143,18.068549],[59.329148,18.068486],[59.329199,18.068305],[59.329304,18.068192],[59.329403,18.06821],[59.32944,18.068257],[59.32957,18.068674],[59.329595,18.068831],[59.329725,18.068704],[59.330111,18.068601],[59.330197,18.068541],[59.330372,18.068451],[59.33043,18.06844],[59.330692,18.0684],[59.330773,18.068387],[59.330866,18.068373],[59.331049,18.068345],[59.33159,18.068253],[59.331757,18.068223],[59.33205,18.068171],[59.332107,18.06816],[59.332224,18.068139],[59.332376,18.068112],[59.332572,18.068081],[59.33263,18.069524],[59.332506,18.069556],[59.332397,18.069582],[59.331969,18.069687],[59.331844,18.069727],[59.331677,18.06978],[59.33165,18.069789],[59.331045,18.069978],[59.33096,18.069988],[59.330626,18.06996],[59.330597,18.069958]]
[[59.329143,18.068549],[59.329148,18.068486],[59.329199,18.068305],[59.329304,18.068192],[59.329403,18.06821],[59.32944,18.068257],[59.32957,18.068674],[59.329595,18.068831],[59.329725,18.068704],[59.330111,18.068601],[59.330197,18.068541],[59.330372,18.068451],[59.33043,18.06844],[59.330692,18.0684],[59.330773,18.068387],[59.330866,18.068373],[59.331049,18.068345],[59.33159,18.068253],[59.331757,18.068223],[59.33205,18.068171],[59.332107,18.06816],[59.332224,18.068139],[59.332376,18.068112],[59.332572,18.068081],[59.33263,18.069524],[59.332506,18.069556],[59.332397,18.069582],[59.331969,18.069687],[59.331844,18.069727],[59.331677,18.06978],[59.33165,18.069789],[59.331045,18.069978],[59.33096,18.069988],[59.330626,18.06996],[59.330558,18.069955],[59.330429,18.069944],[59.330413,18.069943]]
[[59.329143,18.068549],[59.329125,18.068766],[59.329151,18.068944],[59.329028,18.069074],[59.328606,18.069585],[59.327734,18.070603],[59.327582,18.070772],[59.327485,18.070892],[59.327324,18.070397],[59.327311,18.070357],[59.327162,18.069894]]
[[59.329143,18.068549],[59.329125,18.068766],[59.329151,18.068944],[59.329028,18.069074],[59.328606,18.069585],[59.327734,18.070603],[59.327582,18.070772],[59.327485,18.070892],[59.327554,18.071105],[59.327607,18.071272],[59.327658,18.071434],[59.327804,18.071896],[59.327881,18.072131],[59.327926,18.072376],[59.327938,18.072486],[59.327924,18.072785],[59.327935,18.072866],[59.327887,18.072884],[59.327752,18.073015],[59.326781,18.074179],[59.326664,18.074316],[59.326603,18.074105],[59.326514,18.074032],[59.326234,18.072828],[59.326211,18.072506],[59.325924,18.071304],[59.325857,18.071231],[59.3258,18.071275],[59.325662,18.071141]]
[[59.329143,18.068549],[59.329125,18.068766],[59.329151,18.068944],[59.329028,18.069074],[59.328606,18.069585],[59.327734,18.070603],[59.327582,18.070772],[59.327485,18.070892],[59.327324,18.070397],[59.327311,18.070357],[59.327001,18.069394],[59.326971,18.069297]]
[[59.329143,18.068549],[59.329148,18.068486],[59.329199,18.068305],[59.329304,18.068192],[59.329403,18.06821],[59.32944,18.068257],[59.32957,18.068674],[59.329595,18.068831],[59.329725,18.068704],[59.330111,18.068601],[59.330197,18.068541],[59.330126,18.068222],[59.330039,18.067827],[59.329974,18.067533],[59.329912,18.067341],[59.329876,18.067257],[59.329502,18.065858],[59.329438,18.065563],[59.329412,18.065369],[59.329371,18.065214],[59.329328,18.065047],[59.329293,18.064914],[59.329224,18.064649],[59.329151,18.064366],[59.329136,18.064304],[59.329108,18.06419],[59.329084,18.064095],[59.32902,18.063834],[59.32894,18.063493],[59.328896,18.063073],[59.328797,18.062366],[59.328722,18.062089],[59.328643,18.061638],[59.328563,18.061357],[59.328522,18.061226],[59.32844,18.061508],[59.328358,18.061899],[59.328334,18.062147],[59.328185,18.062916],[59.328139,18.062979],[59.327305,18.064324],[59.326703,18.065286],[59.326642,18.065373],[59.326576,18.065456],[59.326494,18.065585]]
[[59.329143,18.068549],[59.329125,18.068766],[59.329151,18.068944],[59.329028,18.069074],[59.328606,18.069585],[59.327734,18.070603],[59.327582,18.070772],[59.327485,18.070892],[59.327554,18.071105],[59.327607,18.071272],[59.327658,18.071434],[59.327804,18.071896],[59.327881,18.072131],[59.327926,18.072376],[59.327938,18.072486],[59.327924,18.072785],[59.327935,18.072866],[59.327887,18.072884],[59.327752,18.073015],[59.326781,18.074179],[59.326664,18.074316],[59.326603,18.074105],[59.326514,18.074032],[59.326234,18.072828],[59.326211,18.072506],[59.326072,18.071926]]
[[59.329143,18.068549],[59.329148,18.068486],[59.329199,18.068305],[59.329304,18.068192],[59.329403,18.06821],[59.32944,18.068257],[59.32957,18.068674],[59.329595,18.068831],[59.329725,18.068704],[59.330111,18.068601],[59.330197,18.068541],[59.330372,18.068451],[59.33043,18.06844],[59.330692,18.0684],[59.330773,18.068387],[59.330866,18.068373],[59.331049,18.068345],[59.33159,18.068253],[59.331757,18.068223],[59.33205,18.068171],[59.332107,18.06816],[59.332224,18.068139],[59.332376,18.068112],[59.332572,18.068081],[59.332646,18.068071],[59.332634,18.067719],[59.332565,18.066071],[59.332584,18.065901],[59.332672,18.065665],[59.332764,18.065647],[59.332979,18.065536],[59.333374,18.065286],[59.333673,18.065098],[59.334385,18.06467],[59.334471,18.064559],[59.335031,18.064207],[59.335571,18.063669],[59.335528,18.063466],[59.33507,18.063962],[59.334948,18.064023],[59.334505,18.064327],[59.333845,18.064728],[59.33361,18.064864]]
[[59.329143,18.068549],[59.329125,18.068766],[59.329151,18.068944],[59.329028,18.069074],[59.328628,18.069558]]
[[59.329143,18.068549],[59.329148,18.068486],[59.329199,18.068305],[59.329304,18.068192],[59.329403,18.06821],[59.32944,18.068257],[59.32957,18.068674],[59.329595,18.068831],[59.329725,18.068704],[59.330111,18.068601],[59.330197,18.068541],[59.330372,18.068451],[59.33043,18.06844],[59.330692,18.0684],[59.330773,18.068387],[59.330866,18.068373],[59.331049,18.068345],[59.33159,18.068253],[59.331757,18.068223],[59.33205,18.068171],[59.332107,18.06816],[59.332224,18.068139],[59.332376,18.068112],[59.332572,18.068081],[59.332646,18.068071],[59.333466,18.067907],[59.333626,18.067887],[59.334038,18.067834],[59.334104,18.067824]]
[[59.329143,18.068549],[59.329125,18.068766],[59.329151,18.068944],[59.329028,18.069074],[59.328705,18.069466]]
[[59.329143,18.068549],[59.329148,18.068486],[59.329199,18.068305],[59.329304,18.068192],[59.329403,18.06821],[59.32944,18.068257],[59.32957,18.068674],[59.329595,18.068831],[59.329725,18.068704],[59.330111,18.068601],[59.330197,18.068541],[59.330372,18.068451],[59.33043,18.06844],[59.330692,18.0684],[59.330773,18.068387],[59.330866,18.068373],[59.331049,18.068345],[59.33159,18.068253],[59.331757,18.068223],[59.33205,18.068171],[59.332107,18.06816],[59.332224,18.068139],[59.332376,18.068112],[59.332572,18.068081],[59.33263,18.069524],[59.332506,18.069556],[59.332397,18.069582],[59.331969,18.069687],[59.331893,18.069711]]
[[59.329143,18.068549],[59.329148,18.068486],[59.329199,18.068305],[59.329304,18.068192],[59.329403,18.06821],[59.32944,18.068257],[59.32957,18.068674],[59.329595,18.068831],[59.329725,18.068704],[59.330111,18.068601],[59.330197,18.068541],[59.330372,18.068451],[59.33043,18.06844],[59.330692,18.0684],[59.330773,18.068387],[59.330866,18.068373],[59.331049,18.068345],[59.33159,18.068253],[59.331757,18.068223],[59.33205,18.068171],[59.332107,18.06816],[59.332224,18.068139],[59.332376,18.068112],[59.332572,18.068081],[59.33263,18.069524],[59.332713,18.071351],[59.332758,18.071607],[59.332823,18.071543],[59.332874,18.071515],[59.332788,18.069923]]
[[59.329143,18.068549],[59.329148,18.068486],[59.329199,18.068305],[59.329304,18.068192],[59.329403,18.06821],[59.32944,18.068257],[59.32957,18.068674],[59.329595,18.068831],[59.329725,18.068704],[59.330111,18.068601],[59.330197,18.068541],[59.330372,18.068451],[59.33043,18.06844],[59.330692,18.0684],[59.330773,18.068387],[59.330866,18.068373],[59.331049,18.068345],[59.33159,18.068253],[59.331757,18.068223],[59.33205,18.068171],[59.332107,18.06816],[59.332224,18.068139],[59.332376,18.068112],[59.332572,18.068081],[59.33263,18.069524],[59.332713,18.071351]]
[[59.329143,18.068549],[59.329148,18.068486],[59.329199,18.068305],[59.329304,18.068192],[59.329403,18.06821],[59.32944,18.068257],[59.32957,18.068674],[59.329595,18.068831],[59.329725,18.068704],[59.330111,18.068601],[59.330197,18.068541],[59.330372,18.068451],[59.33043,18.06844],[59.330692,18.0684],[59.330773,18.068387],[59.330866,18.068373],[59.331049,18.068345],[59.33159,18.068253],[59.331757,18.068223],[59.33205,18.068171],[59.332107,18.06816],[59.332224,18.068139],[59.332376,18.068112],[59.332572,18.068081],[59.332646,18.068071],[59.333466,18.067907],[59.333626,18.067887],[59.334038,18.067834],[59.334,18.067491],[59.333922,18.066864],[59.33391,18.066771],[59.333884,18.066558],[59.333861,18.066379],[59.333815,18.066095],[59.333742,18.065763],[59.333662,18.065397],[59.33341,18.064371],[59.333393,18.064304]]
[[59.329143,18.068549],[59.329125,18.068766],[59.329151,18.068944],[59.329028,18.069074],[59.328606,18.069585],[59.327734,18.070603],[59.327582,18.070772],[59.327485,18.070892],[59.327554,18.071105],[59.327607,18.071272],[59.327658,18.071434],[59.327804,18.071896],[59.327881,18.072131],[59.327926,18.072376],[59.327938,18.072486],[59.327924,18.072785],[59.327935,18.072866],[59.327887,18.072884],[59.327752,18.073015],[59.326781,18.074179],[59.326664,18.074316],[59.326603,18.074105],[59.326514,18.074032],[59.326234,18.072828],[59.326211,18.072506],[59.326033,18.071761]]
[[59.329143,18.068549],[59.329125,18.068766],[59.329151,18.068944],[59.329028,18.069074],[59.328606,18.069585],[59.327734,18.070603],[59.327582,18.070772],[59.327485,18.070892],[59.327324,18.070397],[59.327311,18.070357],[59.327001,18.069394],[59.326971,18.069297],[59.326674,18.068494],[59.326235,18.067559],[59.326086,18.067198],[59.325831,18.066617],[59.325758,18.066542],[59.325635,18.066248],[59.325542,18.066054],[59.3255,18.066001],[59.325454,18.065995],[59.325378,18.066034],[59.325126,18.066331],[59.32476,18.066622],[59.32465,18.066871],[59.324701,18.066863],[59.324842,18.066743],[59.325296,18.066285]]
[[59.329143,18.068549],[59.329125,18.068766],[59.329151,18.068944],[59.329028,18.069074],[59.328606,18.069585],[59.327734,18.070603],[59.327582,18.070772],[59.327485,18.070892],[59.327554,18.071105],[59.327607,18.071272],[59.327658,18.071434],[59.327804,18.071896],[59.327881,18.072131],[59.327926,18.072376],[59.327938,18.072486],[59.327924,18.072785],[59.327935,18.072866],[59.327887,18.072884],[59.327454,18.071467]]
[[59.329143,18.068549],[59.329125,18.068766],[59.329151,18.068944],[59.329028,18.069074],[59.328606,18.069585],[59.327734,18.070603],[59.327582,18.070772],[59.327485,18.070892],[59.327554,18.071105],[59.327607,18.071272],[59.327658,18.071434],[59.327804,18.071896],[59.327881,18.072131],[59.327926,18.072376],[59.327938,18.072486],[59.327924,18.072785],[59.327935,18.072866],[59.327887,18.072884],[59.327752,18.073015],[59.326781,18.074179],[59.326664,18.074316],[59.326603,18.074105],[59.326514,18.074032],[59.326234,18.072828],[59.326211,18.072506],[59.325924,18.071304],[59.325857,18.071231],[59.3258,18.071275],[59.325776,18.071432],[59.325895,18.071908]]
[[59.329143,18.068549],[59.329125,18.068766],[59.329151,18.068944],[59.329028,18.069074],[59.328606,18.069585],[59.327734,18.070603],[59.327582,18.070772],[59.327485,18.070892],[59.327324,18.070397],[59.327311,18.070357],[59.327001,18.069394],[59.326971,18.069297],[59.326674,18.068494],[59.326235,18.067559],[59.326086,18.067198],[59.326649,18.066313],[59.326692,18.066205],[59.326724,18.066027],[59.326721,18.065881],[59.326684,18.065644],[59.326685,18.065473],[59.326732,18.065353],[59.32696,18.064987]]
[[59.329143,18.068549],[59.329148,18.068486],[59.329199,18.068305],[59.329304,18.068192],[59.329403,18.06821],[59.32944,18.068257],[59.32957,18.068674],[59.329595,18.068831],[59.329725,18.068704],[59.330111,18.068601],[59.330197,18.068541],[59.330126,18.068222],[59.330039,18.067827],[59.329974,18.067533],[59.329912,18.067341],[59.329876,18.067257],[59.329502,18.065858],[59.329438,18.065563],[59.329412,18.065369],[59.329371,18.065214],[59.329328,18.065047],[59.329293,18.064914],[59.329224,18.064649],[59.329151,18.064366],[59.329136,18.064304],[59.329108,18.06419],[59.329084,18.064095],[59.32902,18.063834],[59.32894,18.063493],[59.329182,18.063317],[59.329302,18.063275],[59.329742,18.062826],[59.329803,18.062769],[59.329875,18.06277],[59.32988,18.062782],[59.330498,18.065148],[59.330647,18.065605],[59.330733,18.065803],[59.330866,18.066025],[59.331039,18.066209],[59.331138,18.066281],[59.33135,18.066353],[59.331465,18.066353],[59.331705,18.066274],[59.332252,18.065969],[59.333262,18.065244],[59.333535,18.065086],[59.333285,18.065036],[59.333069,18.065099],[59.332628,18.065373]]
[[59.329143,18.068549],[59.329125,18.068766],[59.329151,18.068944],[59.329028,18.069074],[59.328606,18.069585],[59.327734,18.070603],[59.327582,18.070772],[59.327485,18.070892],[59.327324,18.070397],[59.327311,18.070357],[59.327001,18.069394],[59.326971,18.069297],[59.326674,18.068494],[59.326235,18.067559],[59.326086,18.067198],[59.326584,18.066416]]
[[59.329143,18.068549],[59.329148,18.068486],[59.329199,18.068305],[59.329304,18.068192],[59.329403,18.06821],[59.32944,18.068257],[59.32957,18.068674],[59.329595,18.068831],[59.329725,18.068704],[59.330111,18.068601],[59.330197,18.068541],[59.330372,18.068451],[59.33043,18.06844],[59.330692,18.0684],[59.330773,18.068387],[59.330866,18.068373],[59.331049,18.068345],[59.33159,18.068253],[59.331757,18.068223],[59.33205,18.068171],[59.332107,18.06816],[59.332224,18.068139],[59.332376,18.068112],[59.332572,18.068081],[59.33263,18.069524],[59.332506,18.069556],[59.332397,18.069582],[59.331969,18.069687],[59.331844,18.069727],[59.331677,18.06978],[59.33165,18.069789],[59.331045,18.069978],[59.33096,18.069988],[59.330626,18.06996],[59.330558,18.069955],[59.330429,18.069944],[59.330008,18.069911],[59.329853,18.069399],[59.329851,18.069395]]
[[59.329143,18.068549],[59.329148,18.068486],[59.329199,18.068305],[59.329304,18.068192],[59.329403,18.06821],[59.32944,18.068257],[59.32957,18.068674],[59.329595,18.068831],[59.329725,18.068704],[59.330111,18.068601],[59.330197,18.068541],[59.330126,18.068222],[59.330039,18.067827],[59.329974,18.067533],[59.329912,18.067341],[59.329876,18.067257],[59.329502,18.065858],[59.329438,18.065563],[59.329412,18.065369],[59.329395,18.065305]]
[[59.329143,18.068549],[59.329148,18.068486],[59.329199,18.068305],[59.329304,18.068192],[59.329403,18.06821],[59.32944,18.068257],[59.32957,18.068674],[59.329595,18.068831],[59.329725,18.068704],[59.330111,18.068601],[59.330197,18.068541],[59.330126,18.068222],[59.330039,18.067827],[59.329974,18.067533],[59.329912,18.067341],[59.329876,18.067257],[59.329502,18.065858],[59.329438,18.065563],[59.329412,18.065369],[59.329371,18.065214],[59.329328,18.065047],[59.329293,18.064914],[59.329224,18.064649],[59.329151,18.064366],[59.329136,18.064304],[59.329108,18.06419],[59.329084,18.064095],[59.32902,18.063834],[59.32894,18.063493],[59.328896,18.063073],[59.328797,18.062366],[59.328768,18.062026],[59.3287,18.061588],[59.328686,18.061453],[59.328701,18.061274],[59.328729,18.061168],[59.328794,18.061033],[59.329017,18.060836],[59.329288,18.060594],[59.329318,18.060511],[59.329379,18.060438],[59.329391,18.060389],[59.329385,18.060308],[59.329282,18.06002],[59.329123,18.059705],[59.329066,18.059622],[59.328997,18.059571],[59.328866,18.059522],[59.328685,18.059601],[59.328318,18.059859],[59.328127,18.060109],[59.327965,18.060461],[59.3264,18.063485],[59.325604,18.064787],[59.325326,18.065164],[59.324864,18.065695],[59.324633,18.06591],[59.324362,18.066115],[59.322721,18.067073],[59.321585,18.06775],[59.321136,18.06793],[59.320474,18.06826],[59.320082,18.068442],[59.32,18.068503],[59.319922,18.068629],[59.319893,18.068778],[59.319887,18.068882],[59.319901,18.068976],[59.319925,18.069071],[59.319999,18.069188],[59.320101,18.069235],[59.320634,18.069049],[59.320899,18.068923],[59.321011,18.068802],[59.320971,18.068041],[59.320863,18.068101],[59.320477,18.068287],[59.320461,18.068316],[59.320453,18.068413],[59.320485,18.068647],[59.320532,18.068771],[59.320628,18.068834],[59.32071,18.068778],[59.321083,18.068352],[59.321345,18.06805],[59.322733,18.067257],[59.324441,18.066269],[59.324949,18.065831],[59.325179,18.065587],[59.325542,18.065125],[59.32573,18.064851]]
[[59.329143,18.068549],[59.329125,18.068766],[59.329151,18.068944],[59.329028,18.069074],[59.328606,18.069585],[59.327734,18.070603],[59.327582,18.070772],[59.327485,18.070892],[59.327554,18.071105],[59.327607,18.071272],[59.327658,18.071434],[59.327804,18.071896],[59.327881,18.072131],[59.327926,18.072376],[59.327938,18.072486],[59.327924,18.072785],[59.327935,18.072866],[59.327887,18.072884],[59.327752,18.073015],[59.326781,18.074179],[59.326664,18.074316],[59.326603,18.074105],[59.326514,18.074032],[59.326485,18.074237],[59.326407,18.074195],[59.326319,18.07425],[59.326139,18.073294],[59.326067,18.072993]]
[[59.329143,18.068549],[59.329125,18.068766],[59.329151,18.068944],[59.329209,18.069147],[59.329477,18.07178],[59.329845,18.071587],[59.330058,18.07145]]
[[59.329143,18.068549],[59.329148,18.068486],[59.329199,18.068305],[59.329304,18.068192],[59.329403,18.06821],[59.32944,18.068257],[59.32957,18.068674],[59.329595,18.068831],[59.329725,18.068704],[59.330111,18.068601],[59.330197,18.068541],[59.330126,18.068222],[59.330039,18.067827],[59.329974,18.067533],[59.329912,18.067341],[59.329996,18.067293],[59.330322,18.066955]]
[[59.329143,18.068549],[59.329125,18.068766],[59.329151,18.068944],[59.329028,18.069074],[59.328606,18.069585],[59.327734,18.070603],[59.327582,18.070772],[59.327485,18.070892],[59.327324,18.070397],[59.327311,18.070357],[59.327001,18.069394],[59.326971,18.069297],[59.326674,18.068494],[59.326235,18.067559],[59.326086,18.067198],[59.325831,18.066617],[59.325758,18.066542],[59.325635,18.066248],[59.325542,18.066054],[59.3255,18.066001],[59.325454,18.065995],[59.325378,18.066034],[59.325126,18.066331],[59.32476,18.066622],[59.32465,18.066871],[59.324671,18.067006],[59.324706,18.067057],[59.324776,18.067075]]
[[59.329143,18.068549],[59.329125,18.068766],[59.329151,18.068944],[59.329028,18.069074],[59.328956,18.069161]]
[[59.329143,18.068549],[59.329148,18.068486],[59.329199,18.068305],[59.329304,18.068192],[59.329403,18.06821],[59.32944,18.068257],[59.32957,18.068674],[59.329595,18.068831],[59.329725,18.068704],[59.330111,18.068601],[59.330197,18.068541],[59.330126,18.068222],[59.330039,18.067827],[59.329974,18.067533],[59.329912,18.067341],[59.329876,18.067257],[59.329502,18.065858],[59.329438,18.065563],[59.329412,18.065369],[59.329371,18.065214],[59.329328,18.065047],[59.329293,18.064914],[59.329224,18.064649],[59.329151,18.064366],[59.329136,18.064304],[59.329108,18.06419],[59.329084,18.064095],[59.32902,18.063834],[59.32894,18.063493],[59.328896,18.063073],[59.328797,18.062366],[59.328722,18.062089],[59.328643,18.061638],[59.328563,18.061357],[59.328522,18.061226],[59.32844,18.061508],[59.328358,18.061899],[59.328334,18.062147],[59.328185,18.062916],[59.328139,18.062979],[59.327305,18.064324],[59.32727,18.064215],[59.327162,18.063833]]
[[59.329143,18.068549],[59.329148,18.068486],[59.329199,18.068305],[59.329304,18.068192],[59.329403,18.06821],[59.32944,18.068257],[59.32957,18.068674],[59.329595,18.068831],[59.329725,18.068704],[59.330111,18.068601],[59.330197,18.068541],[59.330372,18.068451],[59.33043,18.06844],[59.330692,18.0684],[59.330773,18.068387],[59.330866,18.068373],[59.331049,18.068345],[59.33159,18.068253],[59.331757,18.068223],[59.33205,18.068171],[59.332107,18.06816],[59.332224,18.068139],[59.332376,18.068112],[59.332572,18.068081],[59.332646,18.068071],[59.332634,18.067719],[59.332596,18.066801]]
[[59.329143,18.068549],[59.329148,18.068486],[59.329199,18.068305],[59.329304,18.068192],[59.329403,18.06821],[59.32944,18.068257],[59.32957,18.068674],[59.329595,18.068831],[59.329725,18.068704],[59.330111,18.068601],[59.330197,18.068541],[59.330372,18.068451],[59.33043,18.06844],[59.330692,18.0684],[59.330773,18.068387],[59.330866,18.068373],[59.331049,18.068345],[59.33159,18.068253],[59.331757,18.068223],[59.33205,18.068171],[59.332107,18.06816],[59.332224,18.068139],[59.332376,18.068112],[59.332572,18.068081],[59.33263,18.069524],[59.332713,18.071351]]
[[59.329143,18.068549],[59.329148,18.068486],[59.329199,18.068305],[59.329304,18.068192],[59.329403,18.06821],[59.32944,18.068257],[59.32957,18.068674],[59.329595,18.068831],[59.329725,18.068704],[59.330093,18.068605]]
[[59.329143,18.068549],[59.329125,18.068766],[59.329151,18.068944],[59.329028,18.069074],[59.328606,18.069585],[59.327734,18.070603],[59.327582,18.070772],[59.327485,18.070892],[59.327554,18.071105],[59.327607,18.071272],[59.327658,18.071434],[59.327804,18.071896],[59.327881,18.072131],[59.327926,18.072376],[59.327938,18.072486],[59.327924,18.072785],[59.327935,18.072866],[59.327887,18.072884],[59.327324,18.07104],[59.326834,18.069438]]
[[59.329143,18.068549],[59.329148,18.068486],[59.329199,18.068305],[59.329304,18.068192],[59.329403,18.06821],[59.32944,18.068257],[59.32957,18.068674],[59.329595,18.068831],[59.329725,18.068704],[59.330111,18.068601],[59.330197,18.068541],[59.330372,18.068451],[59.33043,18.06844],[59.330505,18.068429]]
