[[56.161532,15.586919],[56.1615,15.588692],[56.161283,15.58891],[56.161103,15.589046],[56.161039,15.591553],[56.162013,15.591559],[56.16257,15.591537],[56.163342,15.591551],[56.163545,15.591555],[56.163826,15.588795],[56.164779,15.588848],[56.164831,15.588503],[56.165033,15.587166],[56.165042,15.586987],[56.16506,15.586367],[56.165071,15.585942],[56.165089,15.584946],[56.164986,15.584964],[56.164224,15.584935],[56.164256,15.584551],[56.164326,15.583687],[56.164443,15.582653]]
[[56.161532,15.586919],[56.1615,15.588692],[56.161283,15.58891],[56.161103,15.589046],[56.161039,15.591553],[56.162013,15.591559],[56.16257,15.591537],[56.163342,15.591551],[56.163545,15.591555],[56.163826,15.588795],[56.164016,15.586921],[56.164507,15.586953]]
[[56.161532,15.586919],[56.1615,15.588692],[56.161283,15.58891],[56.161103,15.589046],[56.161039,15.591553],[56.162013,15.591559],[56.16257,15.591537],[56.162575,15.590439],[56.162582,15.589554],[56.162583,15.5889]]
[[56.161532,15.586919],[56.1615,15.588692],[56.161283,15.58891],[56.161103,15.589046],[56.161039,15.591553],[56.162013,15.591559],[56.16257,15.591537],[56.163342,15.591551],[56.163545,15.591555],[56.163826,15.588795],[56.164779,15.588848],[56.164831,15.588503],[56.165033,15.587166],[56.165042,15.586987],[56.16506,15.586367],[56.165071,15.585942],[56.165089,15.584946],[56.165134,15.584842],[56.165212,15.584774],[56.165305,15.584717],[56.16541,15.58469],[56.165617,15.584696],[56.165797,15.584668],[56.16589,15.584669],[56.165896,15.584096]]
[[56.161532,15.586919],[56.1615,15.588692],[56.161283,15.58891],[56.161103,15.589046],[56.161039,15.591553],[56.162013,15.591559],[56.16257,15.591537],[56.163342,15.591551],[56.163545,15.591555],[56.164355,15.591494],[56.164658,15.591439],[56.165287,15.591432],[56.165433,15.591434],[56.165851,15.591438],[56.165965,15.59151],[56.166074,15.591623],[56.166151,15.591749],[56.166367,15.592351],[56.166788,15.59191],[56.166907,15.591718],[56.166968,15.591562],[56.16702,15.591431],[56.167077,15.591083],[56.167082,15.590785],[56.167082,15.590708],[56.167088,15.590168],[56.167089,15.590118],[56.167102,15.589582],[56.167116,15.588923],[56.167141,15.588181],[56.167154,15.58738],[56.167161,15.587173],[56.166607,15.587049],[56.166424,15.586947],[56.16626,15.5868],[56.166163,15.586655],[56.166099,15.586518],[56.166044,15.586395],[56.166013,15.586496],[56.166,15.58659],[56.166056,15.586711]]
[[56.161532,15.586919],[56.1615,15.588692],[56.161283,15.58891],[56.161103,15.589046],[56.161039,15.591553],[56.160603,15.591544],[56.160409,15.591537],[56.159939,15.59153],[56.15987,15.591529],[56.15959,15.591523],[56.158972,15.59151],[56.158816,15.591507],[56.158529,15.591519],[56.157926,15.591545],[56.157939,15.591185],[56.157079,15.591022],[56.156918,15.591272],[56.15668,15.591689]]
[[56.161532,15.586919],[56.161553,15.585782],[56.160866,15.58572],[56.160866,15.586068],[56.160833,15.586398],[56.159773,15.58627],[56.159784,15.585461],[56.159067,15.585549],[56.158521,15.585493],[56.158481,15.586057],[56.158418,15.586562],[56.158277,15.587173],[56.158221,15.587104],[56.157376,15.586728]]
[[56.161532,15.586919],[56.1615,15.588692],[56.161283,15.58891],[56.161103,15.589046],[56.160949,15.588955],[56.160852,15.588865],[56.160715,15.58869],[56.160671,15.58899],[56.160643,15.590062],[56.160623,15.59082]]
[[56.161532,15.586919],[56.1615,15.588692],[56.161283,15.58891],[56.161103,15.589046],[56.161039,15.591553],[56.162013,15.591559],[56.16257,15.591537],[56.163342,15.591551],[56.163545,15.591555],[56.163826,15.588795],[56.164779,15.588848],[56.164831,15.588503],[56.165033,15.587166],[56.165042,15.586987],[56.16506,15.586367],[56.165071,15.585942],[56.165089,15.584946],[56.165022,15.584753],[56.164981,15.584538],[56.165001,15.584138],[56.165006,15.583748],[56.165012,15.583176],[56.164993,15.582701],[56.164885,15.582159],[56.164851,15.582048],[56.16484,15.582011],[56.164534,15.581857],[56.164078,15.581729],[56.163994,15.581748],[56.163877,15.582846],[56.163815,15.583008],[56.16362,15.583323],[56.162991,15.583348],[56.162939,15.583522],[56.163001,15.583523]]
[[56.161532,15.586919],[56.1615,15.588692],[56.161283,15.58891],[56.161103,15.589046],[56.161039,15.591553],[56.160603,15.591544],[56.160409,15.591537],[56.160401,15.591537]]
[[56.161532,15.586919],[56.1615,15.588692],[56.161283,15.58891],[56.161103,15.589046],[56.161039,15.591553],[56.160603,15.591544],[56.160409,15.591537],[56.159939,15.59153],[56.15987,15.591529],[56.15959,15.591523],[56.158972,15.59151],[56.159047,15.589105]]
[[56.161532,15.586919],[56.1615,15.588692],[56.161283,15.58891],[56.161103,15.589046],[56.161039,15.591553],[56.162013,15.591559],[56.16257,15.591537],[56.163342,15.591551],[56.163545,15.591555],[56.163826,15.588795],[56.164779,15.588848],[56.164831,15.588503],[56.165033,15.587166],[56.165042,15.586987],[56.16506,15.586367],[56.165071,15.585942],[56.165089,15.584946],[56.164986,15.584964],[56.164224,15.584935],[56.164256,15.584551],[56.164326,15.583687],[56.164404,15.583001]]
[[56.161532,15.586919],[56.1615,15.588692],[56.161283,15.58891],[56.161103,15.589046],[56.161039,15.591553],[56.162013,15.591559],[56.16257,15.591537],[56.163342,15.591551],[56.163545,15.591555],[56.163826,15.588795],[56.164016,15.586921],[56.163032,15.58681],[56.162991,15.586729],[56.162991,15.586585],[56.163029,15.58553],[56.163046,15.585034],[56.16313,15.584847],[56.163091,15.584842]]
[[56.161532,15.586919],[56.161553,15.585782],[56.160866,15.58572],[56.160866,15.586068],[56.160833,15.586398],[56.159773,15.58627],[56.159784,15.585461],[56.159067,15.585549],[56.158521,15.585493],[56.157557,15.58529],[56.157239,15.585295],[56.157213,15.585626],[56.15718,15.586044]]
[[56.161532,15.586919],[56.1615,15.588692],[56.161283,15.58891],[56.161103,15.589046],[56.161039,15.591553],[56.162013,15.591559],[56.16257,15.591537],[56.163342,15.591551],[56.163545,15.591555],[56.163826,15.588795],[56.164016,15.586921],[56.163032,15.58681],[56.162991,15.586729],[56.162991,15.586585],[56.162362,15.58652],[56.162284,15.586542],[56.162245,15.586588]]
[[56.161532,15.586919],[56.161553,15.585782],[56.160866,15.58572],[56.160866,15.586068],[56.160833,15.586398],[56.159773,15.58627],[56.159784,15.585461],[56.159067,15.585549],[56.158521,15.585493],[56.157557,15.58529],[56.1574,15.585292]]
[[56.161532,15.586919],[56.1615,15.588692],[56.161283,15.58891],[56.161103,15.589046],[56.161039,15.591553],[56.162013,15.591559],[56.16257,15.591537],[56.163342,15.591551],[56.163545,15.591555],[56.163826,15.588795],[56.164779,15.588848],[56.164831,15.588503],[56.165033,15.587166],[56.165042,15.586987],[56.16506,15.586367],[56.165071,15.585942],[56.165089,15.584946],[56.165022,15.584753],[56.164981,15.584538],[56.165001,15.584138],[56.165006,15.583748],[56.165079,15.583745],[56.165203,15.583748],[56.165247,15.583751],[56.165364,15.583755],[56.165433,15.583269]]
[[56.161532,15.586919],[56.161553,15.585782],[56.160866,15.58572],[56.160866,15.586068],[56.160833,15.586398],[56.159773,15.58627],[56.159784,15.585461],[56.159067,15.585549],[56.159071,15.585212],[56.159073,15.584983],[56.159087,15.583814],[56.15833,15.583673]]
[[56.161532,15.586919],[56.161553,15.585782],[56.160866,15.58572],[56.160866,15.586068],[56.160833,15.586398],[56.159773,15.58627],[56.159784,15.585461],[56.159067,15.585549],[56.159071,15.585212],[56.159073,15.584983],[56.159087,15.583814],[56.159147,15.582236],[56.1592,15.582235]]
[[56.161532,15.586919],[56.1615,15.588692],[56.161283,15.58891],[56.161103,15.589046],[56.161039,15.591553],[56.162013,15.591559],[56.16257,15.591537],[56.163342,15.591551],[56.163545,15.591555],[56.163826,15.588795],[56.164779,15.588848],[56.164831,15.588503],[56.165033,15.587166],[56.165042,15.586987],[56.16506,15.586367],[56.165071,15.585942],[56.165089,15.584946],[56.164986,15.584964],[56.164224,15.584935],[56.163698,15.584893]]
[[56.161532,15.586919],[56.1615,15.588692],[56.161283,15.58891],[56.161103,15.589046],[56.161039,15.591553],[56.162013,15.591559],[56.16257,15.591537],[56.163342,15.591551],[56.163545,15.591555],[56.163826,15.588795],[56.164779,15.588848],[56.164519,15.590175],[56.164503,15.590301]]
[[56.161532,15.586919],[56.1615,15.588692],[56.161283,15.58891],[56.161103,15.589046],[56.161039,15.591553],[56.162013,15.591559],[56.16257,15.591537],[56.162575,15.590439],[56.162577,15.590205]]
[[56.161532,15.586919],[56.1615,15.588692],[56.161283,15.58891],[56.161103,15.589046],[56.161048,15.591212]]
[[56.161532,15.586919],[56.161553,15.585782],[56.160866,15.58572],[56.160866,15.586068],[56.160833,15.586398],[56.159773,15.58627],[56.159784,15.585461],[56.159067,15.585549],[56.158521,15.585493],[56.157557,15.58529],[56.157239,15.585295],[56.157213,15.585626],[56.157049,15.585614],[56.156898,15.585606],[56.156879,15.586486]]
[[56.161532,15.586919],[56.161553,15.585782],[56.160866,15.58572],[56.160866,15.586068],[56.160833,15.586398],[56.159773,15.58627],[56.159784,15.585461],[56.159839,15.583992],[56.160668,15.584108],[56.160784,15.583087],[56.160849,15.582318],[56.16102,15.582326],[56.161093,15.582286],[56.161147,15.582188],[56.161363,15.581638],[56.161596,15.581953],[56.161613,15.582037],[56.161594,15.582109],[56.161558,15.582167]]
[[56.161532,15.586919],[56.1615,15.588692],[56.161283,15.58891],[56.161103,15.589046],[56.161039,15.591553],[56.162013,15.591559],[56.16257,15.591537],[56.163342,15.591551],[56.163545,15.591555],[56.164355,15.591494],[56.164658,15.591439],[56.1648,15.591437]]
[[56.161532,15.586919],[56.161553,15.585782],[56.160866,15.58572],[56.160866,15.586068],[56.160833,15.586398],[56.159773,15.58627],[56.159784,15.585461],[56.159067,15.585549],[56.158521,15.585493],[56.157557,15.58529],[56.157239,15.585295],[56.157213,15.585626],[56.157171,15.586167]]
[[56.161532,15.586919],[56.161553,15.585782],[56.160866,15.58572],[56.160866,15.586068],[56.160833,15.586398],[56.159773,15.58627],[56.159784,15.585461],[56.159839,15.583992],[56.159254,15.583826],[56.159272,15.58341]]
[[56.161532,15.586919],[56.1615,15.588692],[56.161283,15.58891],[56.161103,15.589046],[56.161039,15.591553],[56.162013,15.591559],[56.16257,15.591537],[56.163342,15.591551],[56.163545,15.591555],[56.163599,15.59155]]
[[56.161532,15.586919],[56.1615,15.588692],[56.161283,15.58891],[56.161103,15.589046],[56.161039,15.591553],[56.160603,15.591544],[56.160409,15.591537],[56.159939,15.59153],[56.15987,15.591529],[56.15959,15.591523],[56.158972,15.59151],[56.158816,15.591507],[56.158529,15.591519],[56.157926,15.591545],[56.157939,15.591185],[56.157955,15.590987],[56.158007,15.590355]]
[[56.161532,15.586919],[56.1615,15.588692],[56.161283,15.58891],[56.161103,15.589046],[56.161039,15.591553],[56.162013,15.591559],[56.16257,15.591537],[56.163342,15.591551],[56.163545,15.591555],[56.163826,15.588795],[56.164016,15.586921],[56.163032,15.58681],[56.162991,15.586729],[56.162991,15.586585],[56.162362,15.58652],[56.162284,15.586542],[56.162245,15.586588],[56.162241,15.586738],[56.162279,15.586775],[56.162405,15.586785]]
[[56.161532,15.586919],[56.161553,15.585782],[56.160866,15.58572],[56.160866,15.586068],[56.160833,15.586398],[56.159773,15.58627],[56.159784,15.585461],[56.159839,15.583992],[56.159607,15.583926]]
[[56.161532,15.586919],[56.1615,15.588692],[56.161283,15.58891],[56.161103,15.589046],[56.161039,15.591553],[56.160603,15.591544],[56.160409,15.591537],[56.159939,15.59153],[56.15987,15.591529],[56.15959,15.591523],[56.158972,15.59151],[56.158816,15.591507],[56.158529,15.591519],[56.157926,15.591545],[56.157939,15.591185],[56.157079,15.591022]]
[[56.161532,15.586919],[56.1615,15.588692],[56.161283,15.58891],[56.161103,15.589046],[56.161039,15.591553],[56.162013,15.591559],[56.16257,15.591537],[56.163342,15.591551],[56.163545,15.591555],[56.163591,15.591097]]
[[56.161532,15.586919],[56.1615,15.588692],[56.161283,15.58891],[56.161103,15.589046],[56.161039,15.591553],[56.162013,15.591559],[56.16257,15.591537],[56.163342,15.591551],[56.163545,15.591555],[56.164355,15.591494],[56.164658,15.591439],[56.165287,15.591432],[56.165292,15.5909]]
[[56.161532,15.586919],[56.1615,15.588692],[56.161283,15.58891],[56.161103,15.589046],[56.161039,15.591553],[56.160603,15.591544],[56.160409,15.591537],[56.159939,15.59153],[56.15987,15.591529],[56.15959,15.591523],[56.158972,15.59151],[56.159084,15.587916],[56.159067,15.587597],[56.159,15.58737],[56.15896,15.587537],[56.158877,15.589804],[56.158854,15.590406]]
[[56.161532,15.586919],[56.1615,15.588692],[56.161283,15.58891],[56.161103,15.589046],[56.161039,15.591553],[56.160603,15.591544],[56.160409,15.591537],[56.159939,15.59153],[56.15987,15.591529],[56.15959,15.591523],[56.158972,15.59151],[56.159084,15.587916],[56.159067,15.587597],[56.159,15.58737],[56.159394,15.587475]]
[[56.161532,15.586919],[56.161553,15.585782],[56.160866,15.58572],[56.160866,15.586068],[56.160833,15.586398],[56.159773,15.58627],[56.159784,15.585461],[56.159067,15.585549],[56.158521,15.585493],[56.157557,15.58529],[56.157239,15.585295],[56.1572,15.58529]]
[[56.161532,15.586919],[56.161553,15.585782],[56.160866,15.58572],[56.160866,15.586068],[56.160833,15.586398],[56.159773,15.58627],[56.159784,15.585461],[56.159067,15.585549],[56.158521,15.585493],[56.158481,15.586057],[56.158418,15.586562],[56.158277,15.587173],[56.158221,15.587104],[56.157228,15.586662]]
[[56.161532,15.586919],[56.1615,15.588692],[56.161283,15.58891],[56.161103,15.589046],[56.161039,15.591553],[56.162013,15.591559],[56.16257,15.591537],[56.163342,15.591551],[56.163545,15.591555],[56.163826,15.588795],[56.164016,15.586921],[56.163032,15.58681],[56.162991,15.586729],[56.162991,15.586585],[56.163029,15.58553],[56.163037,15.585281]]
[[56.161532,15.586919],[56.1615,15.588692],[56.162105,15.588713]]
[[56.161532,15.586919],[56.1615,15.588692],[56.161283,15.58891],[56.161103,15.589046],[56.161039,15.591553],[56.162013,15.591559],[56.16257,15.591537],[56.163342,15.591551],[56.163545,15.591555],[56.163826,15.588795],[56.164016,15.586921],[56.163032,15.58681],[56.162991,15.586729],[56.162991,15.586585],[56.163029,15.58553],[56.163046,15.585034],[56.16313,15.584847],[56.163204,15.584853]]
[[56.161532,15.586919],[56.1615,15.588692],[56.161283,15.58891],[56.161103,15.589046],[56.160949,15.588955],[56.160852,15.588865],[56.160715,15.58869],[56.160671,15.58899],[56.160643,15.590062],[56.160144,15.590016],[56.160129,15.590688]]
[[56.161532,15.586919],[56.1615,15.588692],[56.161283,15.58891],[56.161103,15.589046],[56.161039,15.591553],[56.162013,15.591559],[56.16257,15.591537],[56.163342,15.591551],[56.163545,15.591555],[56.163826,15.588795],[56.164016,15.586921],[56.163032,15.58681],[56.162991,15.586729],[56.162991,15.586585],[56.162396,15.586524]]
[[56.161532,15.586919],[56.161553,15.585782],[56.160866,15.58572],[56.160866,15.586068],[56.160833,15.586398],[56.159773,15.58627],[56.159784,15.585461],[56.159839,15.583992],[56.160668,15.584108],[56.160784,15.583087],[56.160849,15.582318],[56.16102,15.582326],[56.161093,15.582286],[56.161147,15.582188],[56.161363,15.581638],[56.161751,15.58063],[56.161909,15.580363],[56.161986,15.580309],[56.162052,15.580482],[56.162293,15.580914],[56.162484,15.581143],[56.162768,15.581409],[56.162479,15.582248],[56.162424,15.582416],[56.162204,15.583079],[56.162194,15.583444]]
[[56.161532,15.586919],[56.1615,15.588692],[56.161283,15.58891],[56.161103,15.589046],[56.161039,15.591553],[56.162013,15.591559],[56.16257,15.591537],[56.163342,15.591551],[56.163545,15.591555],[56.163826,15.588795],[56.164779,15.588848],[56.164831,15.588503],[56.165033,15.587166],[56.165042,15.586987],[56.16506,15.586367],[56.165071,15.585942],[56.165089,15.584946],[56.165022,15.584753],[56.164981,15.584538],[56.165001,15.584138],[56.165006,15.583748],[56.165079,15.583745],[56.165203,15.583748],[56.165247,15.583751],[56.165256,15.583254]]
[[56.161532,15.586919],[56.1615,15.588692],[56.161283,15.58891],[56.161103,15.589046],[56.161039,15.591553],[56.160603,15.591544],[56.160618,15.590984]]
[[56.161532,15.586919],[56.1615,15.588692],[56.161283,15.58891],[56.161103,15.589046],[56.161039,15.591553],[56.162013,15.591559],[56.16257,15.591537],[56.163342,15.591551],[56.163545,15.591555],[56.164355,15.591494],[56.164658,15.591439],[56.165287,15.591432],[56.165294,15.59075],[56.165303,15.59013],[56.165698,15.590138]]
[[56.161532,15.586919],[56.161553,15.585782],[56.160866,15.58572],[56.160866,15.586068],[56.160833,15.586398],[56.159773,15.58627],[56.159784,15.585461],[56.159067,15.585549],[56.159071,15.585212],[56.159073,15.584983],[56.159087,15.583814],[56.159147,15.582236],[56.158678,15.582216],[56.157644,15.58217],[56.157646,15.582111],[56.157255,15.582109],[56.157113,15.582189],[56.15693,15.582227]]
[[56.161532,15.586919],[56.1615,15.588692],[56.161283,15.58891],[56.161103,15.589046],[56.161039,15.591553],[56.162013,15.591559],[56.16257,15.591537],[56.163342,15.591551],[56.163545,15.591555],[56.164355,15.591494],[56.164658,15.591439],[56.165287,15.591432],[56.165294,15.59075],[56.165303,15.59013],[56.165799,15.59014]]
[[56.161532,15.586919],[56.1615,15.588692],[56.161283,15.58891],[56.161103,15.589046],[56.161039,15.591553],[56.162013,15.591559],[56.16257,15.591537],[56.163342,15.591551],[56.163545,15.591555],[56.163826,15.588795],[56.16421,15.588816]]
[[56.161532,15.586919],[56.1615,15.588692],[56.161283,15.58891],[56.161103,15.589046],[56.161039,15.591553],[56.162013,15.591559],[56.16257,15.591537],[56.163342,15.591551],[56.163545,15.591555],[56.163826,15.588795],[56.164779,15.588848],[56.164831,15.588503],[56.164756,15.588453],[56.164641,15.588383],[56.164495,15.588269],[56.164459,15.588221],[56.164448,15.588162],[56.164457,15.588037]]
[[56.161532,15.586919],[56.161553,15.585782],[56.160866,15.58572],[56.160866,15.586068],[56.160833,15.586398],[56.159773,15.58627],[56.159784,15.585461],[56.159067,15.585549],[56.158521,15.585493],[56.157557,15.58529],[56.157239,15.585295],[56.157213,15.585626],[56.157049,15.585614],[56.156898,15.585606],[56.156879,15.586486]]
[[56.161532,15.586919],[56.1615,15.588692],[56.161283,15.58891],[56.161103,15.589046],[56.161039,15.591553],[56.162013,15.591559],[56.16257,15.591537],[56.163342,15.591551],[56.163545,15.591555],[56.164355,15.591494],[56.164658,15.591439],[56.1651,15.591434]]
[[56.161532,15.586919],[56.1615,15.588692],[56.161283,15.58891],[56.161103,15.589046],[56.161039,15.591553],[56.162013,15.591559],[56.16257,15.591537],[56.162575,15.590439],[56.162582,15.589554],[56.162583,15.588729],[56.162744,15.588747],[56.163299,15.588772]]
[[56.161532,15.586919],[56.161553,15.585782],[56.160866,15.58572],[56.160866,15.586068],[56.160833,15.586398],[56.159773,15.58627],[56.159784,15.585461],[56.159067,15.585549],[56.158521,15.585493],[56.157557,15.58529],[56.157239,15.585295],[56.156554,15.58522]]
[[56.161532,15.586919],[56.1615,15.588692],[56.161283,15.58891],[56.161103,15.589046],[56.161039,15.591553],[56.160603,15.591544],[56.160409,15.591537],[56.159939,15.59153],[56.15987,15.591529],[56.15959,15.591523],[56.158972,15.59151],[56.158816,15.591507],[56.158529,15.591519],[56.157926,15.591545],[56.157939,15.591185],[56.157079,15.591022]]
[[56.161532,15.586919],[56.1615,15.588692],[56.161283,15.58891],[56.161103,15.589046],[56.161039,15.591553],[56.162013,15.591559],[56.16257,15.591537],[56.162573,15.590806]]
[[56.161532,15.586919],[56.1615,15.588692],[56.161283,15.58891],[56.161103,15.589046],[56.161039,15.591553],[56.162013,15.591559],[56.16257,15.591537],[56.163342,15.591551],[56.163545,15.591555],[56.164355,15.591494],[56.164658,15.591439],[56.165287,15.591432],[56.165294,15.59075],[56.165303,15.59013],[56.1659,15.590142]]
[[56.161532,15.586919],[56.1615,15.588692],[56.161283,15.58891],[56.161103,15.589046],[56.160949,15.588955],[56.160852,15.588865],[56.160715,15.58869],[56.160306,15.588236],[56.159975,15.587846],[56.15973,15.587565],[56.15971,15.588124]]
[[56.161532,15.586919],[56.1615,15.588692],[56.161283,15.58891],[56.161103,15.589046],[56.161039,15.591553],[56.162013,15.591559],[56.16257,15.591537],[56.163342,15.591551],[56.163545,15.591555],[56.163826,15.588795],[56.164016,15.586921],[56.163032,15.58681],[56.162991,15.586729],[56.162991,15.586585],[56.163029,15.58553],[56.163046,15.585034],[56.16313,15.584847],[56.162483,15.584771]]
[[56.161532,15.586919],[56.1615,15.588692],[56.161283,15.58891],[56.161103,15.589046],[56.161039,15.591553],[56.162013,15.591559],[56.16257,15.591537],[56.163342,15.591551],[56.163545,15.591555],[56.163826,15.588795],[56.164779,15.588848],[56.164831,15.588503],[56.164756,15.588453],[56.164641,15.588383],[56.164495,15.588269],[56.164459,15.588221],[56.164448,15.588162],[56.164461,15.587991]]
[[56.161532,15.586919],[56.1615,15.588692],[56.161283,15.58891],[56.161103,15.589046],[56.161039,15.591553],[56.162013,15.591559],[56.16257,15.591537],[56.163342,15.591551],[56.163545,15.591555],[56.163826,15.588795],[56.164779,15.588848],[56.164831,15.588503],[56.165033,15.587166],[56.165042,15.586987],[56.16506,15.586367],[56.165071,15.585942],[56.165089,15.584946],[56.165022,15.584753],[56.164981,15.584538],[56.165001,15.584138],[56.165006,15.583748],[56.165079,15.583745],[56.1651,15.583745]]
[[56.161532,15.586919],[56.1615,15.588692],[56.161283,15.58891],[56.161103,15.589046],[56.161039,15.591553],[56.162013,15.591559],[56.16257,15.591537],[56.163342,15.591551],[56.163545,15.591555],[56.163826,15.588795],[56.164016,15.586921],[56.163032,15.58681],[56.162991,15.586729],[56.162991,15.586585],[56.162362,15.58652],[56.162284,15.586542],[56.162245,15.586588],[56.162241,15.586738],[56.162279,15.586775],[56.162929,15.586825],[56.162889,15.587398]]
[[56.161532,15.586919],[56.1615,15.588692],[56.161283,15.58891],[56.161103,15.589046],[56.161039,15.591553],[56.160603,15.591544],[56.16061,15.591301]]
[[56.161532,15.586919],[56.1615,15.588692],[56.161283,15.58891],[56.161103,15.589046],[56.160949,15.588955],[56.160852,15.588865],[56.160715,15.58869],[56.160739,15.588176]]
[[56.161532,15.586919],[56.1615,15.588692],[56.161283,15.58891],[56.161103,15.589046],[56.161039,15.591553],[56.1613,15.591555]]
[[56.161532,15.586919],[56.1615,15.588692],[56.161283,15.58891],[56.161103,15.589046],[56.161039,15.591553],[56.162013,15.591559],[56.16257,15.591537],[56.163342,15.591551],[56.163545,15.591555],[56.163826,15.588795],[56.164779,15.588848],[56.164831,15.588503],[56.165033,15.587166],[56.165042,15.586987],[56.16506,15.586367],[56.165071,15.585942],[56.165087,15.585093]]
[[56.161532,15.586919],[56.1615,15.588692],[56.161283,15.58891],[56.161103,15.589046],[56.161039,15.591553],[56.162013,15.591559],[56.16257,15.591537],[56.162575,15.590439],[56.163016,15.590447],[56.163015,15.590273],[56.163014,15.5901]]
[[56.161532,15.586919],[56.1615,15.588692],[56.161283,15.58891],[56.161103,15.589046],[56.161039,15.591553],[56.162013,15.591559],[56.16257,15.591537],[56.163342,15.591551],[56.163545,15.591555],[56.163826,15.588795],[56.164779,15.588848],[56.164831,15.588503],[56.165033,15.587166],[56.165042,15.586987],[56.16506,15.586367],[56.165071,15.585942],[56.165089,15.584946],[56.165134,15.584842],[56.165212,15.584774],[56.165305,15.584717],[56.16541,15.58469],[56.165617,15.584696],[56.165797,15.584668],[56.165796,15.5847]]
[[56.161532,15.586919],[56.161553,15.585782],[56.160866,15.58572],[56.160866,15.586068],[56.160833,15.586398],[56.159773,15.58627],[56.159784,15.585461],[56.159839,15.583992],[56.1599,15.582278],[56.159708,15.582263]]
[[56.161532,15.586919],[56.1615,15.588692],[56.161283,15.58891],[56.161103,15.589046],[56.161039,15.591553],[56.162013,15.591559],[56.16257,15.591537],[56.163342,15.591551],[56.163344,15.591345],[56.163349,15.590987],[56.1632,15.591]]
[[56.161532,15.586919],[56.161553,15.585782],[56.160866,15.58572],[56.160866,15.586068],[56.160833,15.586398],[56.160395,15.586345]]
[[56.161532,15.586919],[56.161553,15.585782],[56.160866,15.58572],[56.160866,15.586068],[56.160833,15.586398],[56.159773,15.58627],[56.159784,15.585461],[56.159067,15.585549],[56.158521,15.585493],[56.158481,15.586057],[56.158418,15.586562],[56.158277,15.587173],[56.158221,15.587104],[56.157795,15.586915]]
[[56.161532,15.586919],[56.1615,15.588692],[56.161283,15.58891],[56.161103,15.589046],[56.161039,15.591553],[56.160603,15.591544],[56.160409,15.591537],[56.159939,15.59153],[56.15987,15.591529],[56.15959,15.591523],[56.158972,15.59151],[56.159084,15.587916],[56.159067,15.587597],[56.159,15.58737],[56.15896,15.587537],[56.158877,15.589804],[56.158625,15.589747]]
[[56.161532,15.586919],[56.1615,15.588692],[56.161283,15.58891],[56.161103,15.589046],[56.161039,15.591553],[56.162013,15.591559],[56.16257,15.591537],[56.163342,15.591551],[56.163545,15.591555],[56.164355,15.591494],[56.164658,15.591439],[56.165287,15.591432],[56.165294,15.59075],[56.165303,15.59013],[56.165305,15.590088],[56.1652,15.590085]]
[[56.161532,15.586919],[56.161553,15.585782],[56.160866,15.58572],[56.160866,15.586068],[56.160833,15.586398],[56.159773,15.58627],[56.159784,15.585461],[56.159839,15.583992],[56.160668,15.584108],[56.16078,15.583119]]
[[56.161532,15.586919],[56.1615,15.588692],[56.161283,15.58891],[56.161103,15.589046],[56.160949,15.588955],[56.160852,15.588865],[56.160715,15.58869],[56.160306,15.588236],[56.159975,15.587846],[56.159925,15.587789]]
[[56.161532,15.586919],[56.1615,15.588692],[56.161283,15.58891],[56.161103,15.589046],[56.160949,15.588955],[56.160852,15.588865],[56.160715,15.58869],[56.160671,15.58899],[56.160643,15.590062],[56.160637,15.590294]]
[[56.161532,15.586919],[56.161553,15.585782],[56.160866,15.58572],[56.160866,15.586068],[56.160833,15.586398],[56.159773,15.58627],[56.159784,15.585461],[56.159839,15.583992],[56.160668,15.584108],[56.160784,15.583087],[56.160849,15.582318],[56.16102,15.582326],[56.161093,15.582286],[56.161147,15.582188],[56.161363,15.581638],[56.161751,15.58063],[56.161909,15.580363],[56.161986,15.580309],[56.162052,15.580482],[56.162293,15.580914],[56.162484,15.581143],[56.162768,15.581409],[56.162865,15.581454],[56.162973,15.581463],[56.163083,15.581416],[56.163287,15.581294],[56.163792,15.580892],[56.163996,15.580812],[56.164402,15.580771],[56.16465,15.580815],[56.164876,15.5809],[56.165097,15.581032],[56.165137,15.581059],[56.165258,15.581195],[56.165531,15.581427],[56.165721,15.581742],[56.165789,15.581977],[56.165802,15.582177]]
[[56.161532,15.586919],[56.1615,15.588692],[56.161283,15.58891],[56.161103,15.589046],[56.161039,15.591553],[56.162013,15.591559],[56.16257,15.591537],[56.163342,15.591551],[56.163545,15.591555],[56.163826,15.588795],[56.164779,15.588848],[56.165043,15.588872],[56.165487,15.588892],[56.165645,15.588894],[56.165702,15.588895]]
[[56.161532,15.586919],[56.1615,15.588692],[56.161283,15.58891],[56.161103,15.589046],[56.161039,15.591553],[56.162013,15.591559],[56.16257,15.591537],[56.163342,15.591551],[56.163545,15.591555],[56.163826,15.588795],[56.164779,15.588848],[56.164831,15.588503],[56.165033,15.587166],[56.165042,15.586987],[56.16506,15.586367],[56.165071,15.585942],[56.165089,15.584946],[56.165022,15.584753],[56.164981,15.584538],[56.165001,15.584138],[56.165006,15.583748],[56.165012,15.583176],[56.164993,15.582701],[56.164885,15.582159],[56.164851,15.582048],[56.16484,15.582011],[56.164534,15.581857],[56.164078,15.581729],[56.163994,15.581748],[56.163877,15.582846],[56.163815,15.583008],[56.16362,15.583323],[56.163598,15.583324]]
[[56.161532,15.586919],[56.161553,15.585782],[56.160866,15.58572],[56.160866,15.586068],[56.160833,15.586398],[56.159773,15.58627],[56.159784,15.585461],[56.159067,15.585549],[56.159071,15.585212],[56.159073,15.584983],[56.159087,15.583814],[56.159147,15.582236],[56.158678,15.582216],[56.157644,15.58217],[56.157646,15.582111],[56.157255,15.582109],[56.157113,15.582189],[56.15693,15.582227],[56.156872,15.582189]]
[[56.161532,15.586919],[56.1615,15.588692],[56.161283,15.58891],[56.161103,15.589046],[56.160949,15.588955],[56.160852,15.588865],[56.160715,15.58869],[56.160306,15.588236],[56.159975,15.587846],[56.15973,15.587565],[56.159703,15.588335]]
[[56.161532,15.586919],[56.161553,15.585782],[56.160866,15.58572],[56.160866,15.586068],[56.160833,15.586398],[56.159773,15.58627],[56.159784,15.585461],[56.159839,15.583992],[56.160668,15.584108],[56.160784,15.583087],[56.160849,15.582318],[56.16102,15.582326],[56.161093,15.582286],[56.161147,15.582188],[56.161363,15.581638],[56.161751,15.58063],[56.161909,15.580363],[56.161986,15.580309],[56.162052,15.580482],[56.162293,15.580914],[56.162484,15.581143],[56.162768,15.581409],[56.162865,15.581454],[56.162973,15.581463],[56.163083,15.581416],[56.163287,15.581294],[56.163792,15.580892],[56.163996,15.580812],[56.164402,15.580771],[56.16465,15.580815],[56.164876,15.5809],[56.165097,15.581032],[56.165137,15.581059],[56.165258,15.581195],[56.165531,15.581427],[56.165721,15.581742],[56.165789,15.581977],[56.165809,15.582276]]
[[56.161532,15.586919],[56.1615,15.588692],[56.161283,15.58891],[56.161103,15.589046],[56.161039,15.591553],[56.160603,15.591544],[56.160409,15.591537],[56.159939,15.59153],[56.15987,15.591529],[56.15959,15.591523],[56.158972,15.59151],[56.159063,15.588576]]
[[56.161532,15.586919],[56.1615,15.588692],[56.161283,15.58891],[56.161103,15.589046],[56.160949,15.588955],[56.160852,15.588865],[56.160715,15.58869],[56.160306,15.588236],[56.160006,15.587883]]
[[56.161532,15.586919],[56.1615,15.588692],[56.161283,15.58891],[56.161103,15.589046],[56.160949,15.588955],[56.160852,15.588865],[56.160715,15.58869],[56.160306,15.588236],[56.159975,15.587846],[56.15973,15.587565],[56.159758,15.586635]]
[[56.161532,15.586919],[56.1615,15.588692],[56.161283,15.58891],[56.161103,15.589046],[56.161039,15.591553],[56.162013,15.591559],[56.16257,15.591537],[56.163342,15.591551],[56.163545,15.591555],[56.163826,15.588795],[56.164016,15.586921],[56.164487,15.586951]]
[[56.161532,15.586919],[56.1615,15.588692],[56.161283,15.58891],[56.161103,15.589046],[56.161039,15.591553],[56.162013,15.591559],[56.16257,15.591537],[56.163342,15.591551],[56.163545,15.591555],[56.164355,15.591494],[56.164658,15.591439],[56.165287,15.591432],[56.165294,15.59075],[56.165303,15.59013],[56.165305,15.590088],[56.164887,15.590073],[56.164862,15.590169]]
[[56.161532,15.586919],[56.1615,15.588692],[56.161283,15.58891],[56.161103,15.589046],[56.161039,15.591553],[56.162013,15.591559],[56.16257,15.591537],[56.163342,15.591551],[56.163545,15.591555],[56.163736,15.589679]]
[[56.161532,15.586919],[56.1615,15.588692],[56.161283,15.58891],[56.161103,15.589046],[56.161039,15.591553],[56.160603,15.591544],[56.160409,15.591537],[56.159939,15.59153],[56.15987,15.591529],[56.15959,15.591523],[56.158972,15.59151],[56.159084,15.587916],[56.159067,15.587597],[56.159,15.58737],[56.15896,15.587537],[56.158877,15.589804],[56.15885,15.590518]]
[[56.161532,15.586919],[56.1615,15.588692],[56.161283,15.58891],[56.161103,15.589046],[56.161039,15.591553],[56.162013,15.591559],[56.16257,15.591537],[56.162575,15.590439],[56.162582,15.589554],[56.162583,15.588729],[56.162744,15.588747],[56.163298,15.588772]]
[[56.161532,15.586919],[56.161553,15.585782],[56.160866,15.58572],[56.160866,15.586068],[56.160833,15.586398],[56.159773,15.58627],[56.159784,15.585461],[56.159067,15.585549],[56.158521,15.585493],[56.158481,15.586057],[56.158418,15.586562],[56.158277,15.587173],[56.158221,15.587104],[56.157476,15.586773]]
[[56.161532,15.586919],[56.1615,15.588692],[56.161283,15.58891],[56.161103,15.589046],[56.161039,15.591553],[56.162013,15.591559],[56.16257,15.591537],[56.163342,15.591551],[56.163545,15.591555],[56.163826,15.588795],[56.164016,15.586921],[56.163032,15.58681],[56.162991,15.586729],[56.162991,15.586585],[56.163026,15.585603]]
[[56.161532,15.586919],[56.1615,15.588692],[56.161283,15.58891],[56.161103,15.589046],[56.161039,15.591553],[56.162013,15.591559],[56.16257,15.591537],[56.163342,15.591551],[56.163545,15.591555],[56.163687,15.590161]]
[[56.161532,15.586919],[56.161553,15.585782],[56.160866,15.58572],[56.160866,15.586068],[56.160833,15.586398],[56.159773,15.58627],[56.159784,15.585461],[56.159839,15.583992],[56.160668,15.584108],[56.160784,15.583087],[56.160849,15.582318],[56.161,15.582325]]
[[56.161532,15.586919],[56.1615,15.588692],[56.161283,15.58891],[56.161103,15.589046],[56.161039,15.591553],[56.162013,15.591559],[56.16257,15.591537],[56.163342,15.591551],[56.163545,15.591555],[56.163826,15.588795],[56.164779,15.588848],[56.164831,15.588503],[56.165033,15.587166],[56.165042,15.586987],[56.16506,15.586367],[56.165071,15.585942],[56.165089,15.584946],[56.164986,15.584964],[56.164224,15.584935],[56.164214,15.584934]]
[[56.161532,15.586919],[56.161553,15.585782],[56.160866,15.58572],[56.160866,15.586068],[56.160833,15.586398],[56.159773,15.58627],[56.159782,15.585595]]
[[56.161532,15.586919],[56.161553,15.585782],[56.160866,15.58572],[56.160866,15.586068],[56.160833,15.586398],[56.159773,15.58627],[56.159784,15.585461],[56.159839,15.583992],[56.159254,15.583826],[56.159301,15.5827]]
[[56.161532,15.586919],[56.161553,15.585782],[56.160866,15.58572],[56.160866,15.586068],[56.160833,15.586398],[56.159773,15.58627],[56.159784,15.585461],[56.159067,15.585549],[56.159071,15.585212],[56.159073,15.584983],[56.159087,15.583814],[56.158692,15.58374]]
[[56.161532,15.586919],[56.1615,15.588692],[56.161283,15.58891],[56.161103,15.589046],[56.161039,15.591553],[56.160603,15.591544],[56.160409,15.591537],[56.159939,15.59153],[56.15987,15.591529],[56.15959,15.591523],[56.158972,15.59151],[56.159084,15.587916],[56.159067,15.587597],[56.159,15.58737],[56.15896,15.587537],[56.158921,15.588602]]
[[56.161532,15.586919],[56.161553,15.585782],[56.160866,15.58572],[56.160866,15.586068],[56.160833,15.586398],[56.159773,15.58627],[56.159784,15.585461],[56.159839,15.583992],[56.15987,15.583108]]
[[56.161532,15.586919],[56.161553,15.585782],[56.160866,15.58572],[56.160866,15.586068],[56.160833,15.586398],[56.159773,15.58627],[56.159784,15.585461],[56.159067,15.585549],[56.158521,15.585493],[56.157557,15.58529],[56.157239,15.585295],[56.156994,15.585268]]
[[56.161532,15.586919],[56.1615,15.588692],[56.161283,15.58891],[56.161103,15.589046],[56.161039,15.591553],[56.162013,15.591559],[56.16257,15.591537],[56.163342,15.591551],[56.163545,15.591555],[56.163826,15.588795],[56.164779,15.588848],[56.164831,15.588503],[56.165033,15.587166],[56.165042,15.586987],[56.16506,15.586367],[56.165071,15.585942],[56.165089,15.584946],[56.165022,15.584753],[56.164981,15.584538],[56.165001,15.584138],[56.165006,15.583748],[56.165012,15.583176],[56.164993,15.582701],[56.16523,15.582704],[56.165322,15.582287]]
[[56.161532,15.586919],[56.1615,15.588692],[56.161283,15.58891],[56.161103,15.589046],[56.161076,15.590106]]
