[[59.343072,18.049256],[59.343026,18.048156],[59.342997,18.047318],[59.342938,18.046688],[59.342906,18.046602],[59.342864,18.046572],[59.342773,18.046563],[59.342019,18.047301],[59.341624,18.045685],[59.341553,18.045754],[59.340184,18.047113],[59.339706,18.047585],[59.33931,18.047976],[59.339016,18.048267],[59.337973,18.049307],[59.338033,18.04955],[59.338058,18.049649]]
[[59.343072,18.049256],[59.343026,18.048156],[59.343179,18.048004],[59.343764,18.047424],[59.344654,18.046517],[59.344916,18.047572]]
[[59.343072,18.049256],[59.343026,18.048156],[59.343179,18.048004],[59.343764,18.047424],[59.344035,18.048471],[59.344923,18.047599],[59.34521,18.048703],[59.345381,18.048531],[59.345783,18.048129],[59.346143,18.047776]]
[[59.343072,18.049256],[59.343026,18.048156],[59.342997,18.047318],[59.342938,18.046688],[59.342906,18.046602],[59.342864,18.046572],[59.342773,18.046563],[59.342019,18.047301],[59.341979,18.047403],[59.342341,18.048838],[59.342602,18.049909],[59.342865,18.050986],[59.342884,18.051069],[59.342745,18.051198],[59.342649,18.051201],[59.342403,18.051436],[59.342333,18.051562],[59.341954,18.051923],[59.342087,18.052505]]
[[59.343072,18.049256],[59.343026,18.048156],[59.343179,18.048004],[59.343764,18.047424],[59.344035,18.048471],[59.34432,18.049594],[59.344202,18.049706],[59.34355,18.050348],[59.343968,18.051949],[59.344162,18.051764],[59.344204,18.051615],[59.344376,18.051443],[59.344483,18.050788],[59.34495,18.051085]]
[[59.343072,18.049256],[59.343026,18.048156],[59.342997,18.047318],[59.342938,18.046688],[59.342906,18.046602],[59.342864,18.046572],[59.342773,18.046563],[59.342019,18.047301],[59.341979,18.047403],[59.342341,18.048838],[59.340503,18.050677],[59.339804,18.051375],[59.340167,18.052806],[59.339562,18.053422],[59.339113,18.053861],[59.338998,18.053402]]
[[59.343072,18.049256],[59.343026,18.048156],[59.342997,18.047318],[59.342938,18.046688],[59.342906,18.046602],[59.342864,18.046572],[59.342773,18.046563],[59.342019,18.047301],[59.341979,18.047403],[59.342341,18.048838],[59.342602,18.049909],[59.342865,18.050986],[59.342884,18.051069],[59.343147,18.052275],[59.3432,18.052231],[59.343241,18.052196],[59.343197,18.051952],[59.343174,18.051679],[59.343077,18.049369]]
[[59.343072,18.049256],[59.343026,18.048156],[59.342997,18.047318],[59.342938,18.046688],[59.342906,18.046602],[59.342864,18.046572],[59.342773,18.046563],[59.342019,18.047301],[59.341624,18.045685],[59.341553,18.045754],[59.341121,18.046183]]
[[59.343072,18.049256],[59.343026,18.048156],[59.342997,18.047318],[59.342938,18.046688],[59.342906,18.046602],[59.342864,18.046572],[59.342773,18.046563],[59.342019,18.047301],[59.341624,18.045685],[59.341191,18.044022],[59.340776,18.042312],[59.340346,18.040608],[59.3403,18.040653],[59.34073,18.042356],[59.34114,18.044075],[59.3413,18.044727]]
[[59.343072,18.049256],[59.343026,18.048156],[59.342997,18.047318],[59.342938,18.046688],[59.342906,18.046602],[59.342864,18.046572],[59.342773,18.046563],[59.342019,18.047301],[59.341624,18.045685],[59.341553,18.045754],[59.340184,18.047113],[59.33988,18.045936],[59.339975,18.045848],[59.340033,18.045999]]
[[59.343072,18.049256],[59.343026,18.048156],[59.342997,18.047318],[59.342938,18.046688],[59.342906,18.046602],[59.342864,18.046572],[59.342773,18.046563],[59.342019,18.047301],[59.341979,18.047403],[59.342341,18.048838],[59.340503,18.050677],[59.340093,18.051087]]
[[59.343072,18.049256],[59.343026,18.048156],[59.343179,18.048004],[59.343764,18.047424],[59.344654,18.046517],[59.344679,18.04662]]
[[59.343072,18.049256],[59.343026,18.048156],[59.343179,18.048004],[59.343764,18.047424],[59.344654,18.046517],[59.346186,18.044995],[59.346473,18.046136],[59.346578,18.046555],[59.346653,18.046628],[59.346751,18.046648],[59.346859,18.047077],[59.346913,18.04722],[59.347207,18.04839]]
[[59.343072,18.049256],[59.343026,18.048156],[59.342997,18.047318],[59.342938,18.046688],[59.342906,18.046602],[59.342864,18.046572],[59.342773,18.046563],[59.342019,18.047301],[59.341979,18.047403],[59.342341,18.048838],[59.340503,18.050677],[59.339804,18.051375],[59.338836,18.052331],[59.338757,18.052433],[59.338584,18.052601],[59.338352,18.052836],[59.338339,18.052849]]
[[59.343072,18.049256],[59.343026,18.048156],[59.342997,18.047318],[59.342938,18.046688],[59.342906,18.046602],[59.342864,18.046572],[59.342773,18.046563],[59.342019,18.047301],[59.341979,18.047403],[59.342341,18.048838],[59.342602,18.049909],[59.342865,18.050986],[59.342884,18.051069],[59.343147,18.052275],[59.343406,18.053303]]
[[59.343072,18.049256],[59.343026,18.048156],[59.343179,18.048004],[59.343764,18.047424],[59.344654,18.046517],[59.346186,18.044995],[59.346309,18.044873],[59.346541,18.044654],[59.346661,18.044541]]
[[59.343072,18.049256],[59.343026,18.048156],[59.342997,18.047318],[59.342938,18.046688],[59.342906,18.046602],[59.342864,18.046572],[59.342773,18.046563],[59.342019,18.047301],[59.341979,18.047403],[59.342341,18.048838],[59.342602,18.049909],[59.340759,18.051739],[59.340643,18.05126]]
[[59.343072,18.049256],[59.343026,18.048156],[59.343179,18.048004],[59.343764,18.047424],[59.344035,18.048471],[59.344923,18.047599],[59.34521,18.048703],[59.345381,18.048531],[59.345783,18.048129],[59.346315,18.047608],[59.34635,18.047749],[59.34659,18.048722],[59.346636,18.048908],[59.346404,18.049135],[59.346135,18.048943],[59.346052,18.049002],[59.345962,18.04936]]
[[59.343072,18.049256],[59.343026,18.048156],[59.343179,18.048004],[59.343764,18.047424],[59.344654,18.046517],[59.346186,18.044995],[59.346473,18.046136],[59.346578,18.046555],[59.346653,18.046628],[59.346751,18.046648],[59.346859,18.047077],[59.347151,18.046787],[59.347509,18.046428],[59.347815,18.046125],[59.347703,18.045624],[59.347669,18.045576],[59.347639,18.045574],[59.347514,18.045687],[59.347353,18.045076],[59.347289,18.045017],[59.347209,18.045073],[59.347186,18.04516],[59.347188,18.045255]]
[[59.343072,18.049256],[59.343026,18.048156],[59.342997,18.047318],[59.342938,18.046688],[59.342906,18.046602],[59.342864,18.046572],[59.342773,18.046563],[59.342019,18.047301],[59.341979,18.047403],[59.342341,18.048838],[59.342602,18.049909],[59.340759,18.051739],[59.340941,18.052458]]
[[59.343072,18.049256],[59.343026,18.048156],[59.342997,18.047318],[59.342965,18.04642],[59.342902,18.046169],[59.34283,18.044494],[59.342752,18.044577],[59.342486,18.044838]]
[[59.343072,18.049256],[59.343026,18.048156],[59.342997,18.047318],[59.342938,18.046688],[59.342906,18.046602],[59.342864,18.046572],[59.342773,18.046563],[59.342019,18.047301],[59.341979,18.047403],[59.342341,18.048838],[59.342602,18.049909],[59.342865,18.050986],[59.342884,18.051069],[59.342745,18.051198],[59.342649,18.051201],[59.342403,18.051436],[59.342333,18.051562],[59.341954,18.051923],[59.341713,18.052157]]
[[59.343072,18.049256],[59.343026,18.048156],[59.343179,18.048004],[59.343764,18.047424],[59.344035,18.048471],[59.34432,18.049594],[59.344202,18.049706],[59.34355,18.050348],[59.343968,18.051949],[59.343985,18.052018],[59.34417,18.052733],[59.345144,18.051836],[59.345627,18.051394]]
[[59.343072,18.049256],[59.343026,18.048156],[59.343179,18.048004],[59.343764,18.047424],[59.344654,18.046517],[59.346186,18.044995],[59.346473,18.046136],[59.346578,18.046555],[59.346653,18.046628],[59.346751,18.046648],[59.346859,18.047077],[59.347151,18.046787],[59.34712,18.046683],[59.347102,18.046621]]
[[59.343072,18.049256],[59.343026,18.048156],[59.342997,18.047318],[59.342938,18.046688],[59.342906,18.046602],[59.342864,18.046572],[59.342773,18.046563],[59.342019,18.047301],[59.341979,18.047403],[59.340131,18.049217],[59.33943,18.049902],[59.339343,18.04956]]
[[59.343072,18.049256],[59.343026,18.048156],[59.342997,18.047318],[59.342938,18.046688],[59.342906,18.046602],[59.342864,18.046572],[59.342773,18.046563],[59.342019,18.047301],[59.341979,18.047403],[59.342341,18.048838],[59.342602,18.049909],[59.342279,18.05023]]
[[59.343072,18.049256],[59.343026,18.048156],[59.342997,18.047318],[59.342938,18.046688],[59.342906,18.046602],[59.342864,18.046572],[59.342773,18.046563],[59.342019,18.047301],[59.341624,18.045685],[59.341553,18.045754],[59.340184,18.047113],[59.33988,18.045936],[59.339713,18.045287]]
[[59.343072,18.049256],[59.343026,18.048156],[59.342997,18.047318],[59.342938,18.046688],[59.342906,18.046602],[59.342864,18.046572],[59.342773,18.046563],[59.342019,18.047301],[59.341979,18.047403],[59.342341,18.048838],[59.340503,18.050677],[59.339804,18.051375],[59.34005,18.052344]]
[[59.343072,18.049256],[59.343026,18.048156],[59.343179,18.048004],[59.343764,18.047424],[59.344654,18.046517],[59.346186,18.044995],[59.346473,18.046136],[59.346578,18.046555],[59.346653,18.046628],[59.346751,18.046648],[59.346859,18.047077],[59.347151,18.046787],[59.347509,18.046428],[59.347815,18.046125],[59.347703,18.045624],[59.347669,18.045576],[59.347639,18.045574],[59.347514,18.045687],[59.347353,18.045076],[59.347289,18.045017],[59.347209,18.045073],[59.347186,18.04516],[59.347188,18.045255],[59.347281,18.045619]]
[[59.343072,18.049256],[59.343026,18.048156],[59.343179,18.048004],[59.343764,18.047424],[59.344035,18.048471],[59.34432,18.049594],[59.344202,18.049706],[59.34355,18.050348],[59.343968,18.051949],[59.344162,18.051764],[59.344204,18.051615],[59.344376,18.051443],[59.344449,18.050994]]
[[59.343072,18.049256],[59.343026,18.048156],[59.343179,18.048004],[59.343764,18.047424],[59.344654,18.046517],[59.346186,18.044995],[59.346309,18.044873],[59.346541,18.044654],[59.346587,18.044817],[59.346601,18.044865]]
[[59.343072,18.049256],[59.343026,18.048156],[59.343179,18.048004],[59.343764,18.047424],[59.344035,18.048471],[59.344923,18.047599],[59.34521,18.048703],[59.345381,18.048531],[59.345783,18.048129],[59.346315,18.047608],[59.346207,18.047193]]
[[59.343072,18.049256],[59.343026,18.048156],[59.342997,18.047318],[59.342938,18.046688],[59.342906,18.046602],[59.342864,18.046572],[59.342773,18.046563],[59.342019,18.047301],[59.341624,18.045685],[59.341191,18.044022],[59.340776,18.042312],[59.340346,18.040608],[59.3403,18.040653],[59.34073,18.042356],[59.34114,18.044075],[59.341493,18.045512]]
[[59.343072,18.049256],[59.343026,18.048156],[59.342997,18.047318],[59.342938,18.046688],[59.342906,18.046602],[59.342864,18.046572],[59.342773,18.046563],[59.342019,18.047301],[59.341624,18.045685],[59.341191,18.044022],[59.340776,18.042312],[59.340346,18.040608],[59.3403,18.040653],[59.34073,18.042356],[59.34114,18.044075],[59.341435,18.045273]]
[[59.343072,18.049256],[59.343026,18.048156],[59.343179,18.048004],[59.343764,18.047424],[59.344654,18.046517],[59.346186,18.044995],[59.346473,18.046136],[59.346578,18.046555],[59.346653,18.046628],[59.346751,18.046648],[59.346859,18.047077],[59.346913,18.04722],[59.347272,18.04865],[59.347523,18.049624],[59.347581,18.049847],[59.347073,18.050308]]
[[59.343072,18.049256],[59.343026,18.048156],[59.342997,18.047318],[59.342938,18.046688],[59.342906,18.046602],[59.342864,18.046572],[59.342773,18.046563],[59.342019,18.047301],[59.341979,18.047403],[59.342341,18.048838],[59.342602,18.049909],[59.342865,18.050986],[59.342884,18.051069],[59.343147,18.052275],[59.343589,18.054028],[59.343949,18.055527],[59.343975,18.055647],[59.344025,18.055599],[59.344085,18.055544],[59.344158,18.055475],[59.344736,18.054917],[59.34559,18.054097],[59.346401,18.053357],[59.346362,18.053201],[59.345591,18.053941],[59.345477,18.053491],[59.345499,18.053374],[59.345479,18.053263]]
[[59.343072,18.049256],[59.343026,18.048156],[59.343179,18.048004],[59.343764,18.047424],[59.344654,18.046517],[59.344537,18.046064]]
[[59.343072,18.049256],[59.343026,18.048156],[59.342997,18.047318],[59.342938,18.046688],[59.342906,18.046602],[59.342864,18.046572],[59.342773,18.046563],[59.342019,18.047301],[59.341624,18.045685],[59.341553,18.045754],[59.340184,18.047113],[59.339706,18.047585],[59.33931,18.047976],[59.339237,18.047693],[59.339084,18.047105],[59.339009,18.046813],[59.338778,18.045922]]
[[59.343072,18.049256],[59.343026,18.048156],[59.342997,18.047318],[59.342938,18.046688],[59.342906,18.046602],[59.342864,18.046572],[59.342773,18.046563],[59.342019,18.047301],[59.341979,18.047403],[59.342341,18.048838],[59.340503,18.050677],[59.339804,18.051375],[59.340167,18.052806],[59.339675,18.053306]]
[[59.343072,18.049256],[59.343026,18.048156],[59.342997,18.047318],[59.342938,18.046688],[59.342906,18.046602],[59.342864,18.046572],[59.342773,18.046563],[59.342019,18.047301],[59.341979,18.047403],[59.342341,18.048838],[59.342602,18.049909],[59.342865,18.050986],[59.342884,18.051069],[59.343147,18.052275],[59.343589,18.054028],[59.343949,18.055527],[59.343975,18.055647],[59.344025,18.055599],[59.344085,18.055544],[59.344158,18.055475],[59.344736,18.054917],[59.34559,18.054097],[59.346401,18.053357],[59.346362,18.053201],[59.345727,18.05381]]
[[59.343072,18.049256],[59.343026,18.048156],[59.343179,18.048004],[59.343764,18.047424],[59.344035,18.048471],[59.34432,18.049594],[59.344202,18.049706],[59.34355,18.050348],[59.343968,18.051949],[59.343985,18.052018],[59.344046,18.052254]]
[[59.343072,18.049256],[59.343026,18.048156],[59.343179,18.048004],[59.343764,18.047424],[59.344035,18.048471],[59.34432,18.049594],[59.344202,18.049706],[59.34355,18.050348],[59.343968,18.051949],[59.343985,18.052018],[59.34417,18.052733],[59.345144,18.051836],[59.345852,18.051188],[59.3459,18.051371],[59.346418,18.050901]]
[[59.343072,18.049256],[59.343026,18.048156],[59.343179,18.048004],[59.343764,18.047424],[59.344035,18.048471],[59.344923,18.047599],[59.34521,18.048703],[59.345381,18.048531],[59.345783,18.048129],[59.345944,18.047972]]
[[59.343072,18.049256],[59.343026,18.048156],[59.343179,18.048004],[59.343764,18.047424],[59.344654,18.046517],[59.346186,18.044995],[59.346473,18.046136],[59.34618,18.04642]]
[[59.343072,18.049256],[59.343026,18.048156],[59.343179,18.048004],[59.343764,18.047424],[59.344035,18.048471],[59.34432,18.049594],[59.344202,18.049706],[59.343622,18.050277]]
[[59.343072,18.049256],[59.343026,18.048156],[59.342997,18.047318],[59.342938,18.046688],[59.342906,18.046602],[59.342864,18.046572],[59.342773,18.046563],[59.342019,18.047301],[59.341979,18.047403],[59.342341,18.048838],[59.342602,18.049909],[59.340759,18.051739],[59.341032,18.05282],[59.341062,18.052937],[59.341052,18.053076],[59.340931,18.053529]]
[[59.343072,18.049256],[59.343026,18.048156],[59.342997,18.047318],[59.342938,18.046688],[59.342906,18.046602],[59.342864,18.046572],[59.342773,18.046563],[59.342019,18.047301],[59.341624,18.045685],[59.341553,18.045754],[59.340184,18.047113],[59.33988,18.045936],[59.339713,18.045287]]
[[59.343072,18.049256],[59.343026,18.048156],[59.342997,18.047318],[59.342938,18.046688],[59.342906,18.046602],[59.342864,18.046572],[59.342773,18.046563],[59.342019,18.047301],[59.341979,18.047403],[59.342341,18.048838],[59.342602,18.049909],[59.342657,18.050134]]
[[59.343072,18.049256],[59.343026,18.048156],[59.342997,18.047318],[59.342938,18.046688],[59.342906,18.046602],[59.342864,18.046572],[59.342773,18.046563],[59.342019,18.047301],[59.341979,18.047403],[59.342341,18.048838],[59.340503,18.050677],[59.339804,18.051375],[59.340052,18.052352]]
[[59.343072,18.049256],[59.343026,18.048156],[59.342997,18.047318],[59.342938,18.046688],[59.342906,18.046602],[59.342864,18.046572],[59.342773,18.046563],[59.342019,18.047301],[59.341624,18.045685],[59.341553,18.045754],[59.341342,18.045963]]
[[59.343072,18.049256],[59.343026,18.048156],[59.342997,18.047318],[59.342938,18.046688],[59.342906,18.046602],[59.342864,18.046572],[59.342773,18.046563],[59.342019,18.047301],[59.341624,18.045685],[59.341553,18.045754],[59.340184,18.047113],[59.33988,18.045936],[59.339633,18.044978],[59.339302,18.045309]]
[[59.343072,18.049256],[59.343026,18.048156],[59.343179,18.048004],[59.343764,18.047424],[59.344035,18.048471],[59.34432,18.049594],[59.344202,18.049706],[59.34355,18.050348],[59.343968,18.051949],[59.344162,18.051764],[59.344204,18.051615],[59.344376,18.051443],[59.344483,18.050788],[59.34495,18.051085],[59.344953,18.05107]]
[[59.343072,18.049256],[59.343026,18.048156],[59.343179,18.048004],[59.343764,18.047424],[59.344654,18.046517],[59.346186,18.044995],[59.346309,18.044873],[59.346538,18.045762]]
[[59.343072,18.049256],[59.343026,18.048156],[59.342997,18.047318],[59.342938,18.046688],[59.342906,18.046602],[59.342864,18.046572],[59.342773,18.046563],[59.342019,18.047301],[59.341979,18.047403],[59.341295,18.048074]]
[[59.343072,18.049256],[59.343026,18.048156],[59.343179,18.048004],[59.343764,18.047424],[59.344654,18.046517],[59.346186,18.044995],[59.346309,18.044873],[59.346456,18.045445]]
[[59.343072,18.049256],[59.343026,18.048156],[59.343179,18.048004],[59.343764,18.047424],[59.344035,18.048471],[59.34432,18.049594],[59.344202,18.049706],[59.34355,18.050348],[59.343968,18.051949],[59.343985,18.052018],[59.34417,18.052733],[59.345144,18.051836],[59.345852,18.051188],[59.3459,18.051371],[59.345989,18.051724],[59.345922,18.051788],[59.345901,18.051809]]
[[59.343072,18.049256],[59.343026,18.048156],[59.342997,18.047318],[59.342938,18.046688],[59.342906,18.046602],[59.342864,18.046572],[59.342773,18.046563],[59.342019,18.047301],[59.341979,18.047403],[59.340131,18.049217],[59.33943,18.049902],[59.339585,18.050514]]
[[59.343072,18.049256],[59.343026,18.048156],[59.342997,18.047318],[59.342938,18.046688],[59.342906,18.046602],[59.342864,18.046572],[59.342773,18.046563],[59.342019,18.047301],[59.341979,18.047403],[59.342341,18.048838],[59.342602,18.049909],[59.342865,18.050986],[59.342884,18.051069],[59.343147,18.052275],[59.343589,18.054028],[59.343949,18.055527],[59.343975,18.055647],[59.344025,18.055599],[59.344085,18.055544],[59.344158,18.055475],[59.344736,18.054917],[59.34559,18.054097],[59.346401,18.053357],[59.346593,18.054105],[59.346941,18.055433],[59.347002,18.055384],[59.34721,18.05519],[59.347317,18.055049],[59.347381,18.054613],[59.347487,18.054284]]
[[59.343072,18.049256],[59.343026,18.048156],[59.342997,18.047318],[59.342938,18.046688],[59.342906,18.046602],[59.342864,18.046572],[59.342773,18.046563],[59.342019,18.047301],[59.341979,18.047403],[59.342341,18.048838],[59.342602,18.049909],[59.342865,18.050986],[59.342884,18.051069],[59.342745,18.051198],[59.342649,18.051201],[59.342403,18.051436]]
[[59.343072,18.049256],[59.343026,18.048156],[59.342997,18.047318],[59.342938,18.046688],[59.342906,18.046602],[59.342864,18.046572],[59.342773,18.046563],[59.342019,18.047301],[59.341624,18.045685],[59.341553,18.045754],[59.340184,18.047113],[59.33988,18.045936],[59.339975,18.045848],[59.340057,18.046061]]
[[59.343072,18.049256],[59.343026,18.048156],[59.343179,18.048004],[59.343764,18.047424],[59.344159,18.047022]]
[[59.343072,18.049256],[59.343026,18.048156],[59.343179,18.048004],[59.343764,18.047424],[59.344035,18.048471],[59.34432,18.049594],[59.344202,18.049706],[59.343884,18.050019]]
[[59.343072,18.049256],[59.343026,18.048156],[59.342997,18.047318],[59.342938,18.046688],[59.342906,18.046602],[59.342864,18.046572],[59.342773,18.046563],[59.342019,18.047301],[59.341624,18.045685],[59.341553,18.045754],[59.340184,18.047113],[59.339706,18.047585],[59.33931,18.047976],[59.339016,18.048267],[59.337973,18.049307],[59.337799,18.048626],[59.337726,18.048476],[59.337635,18.048378],[59.337538,18.048318],[59.337507,18.048204],[59.337367,18.047683],[59.33731,18.047461],[59.33743,18.047321],[59.337525,18.047044],[59.337733,18.046838],[59.337783,18.046907],[59.337912,18.046783],[59.338014,18.046687]]
[[59.343072,18.049256],[59.343026,18.048156],[59.343179,18.048004],[59.343764,18.047424],[59.344035,18.048471],[59.344923,18.047599],[59.34521,18.048703],[59.345381,18.048531],[59.345783,18.048129],[59.345802,18.04811]]
[[59.343072,18.049256],[59.343026,18.048156],[59.343179,18.048004],[59.343764,18.047424],[59.344035,18.048471],[59.344923,18.047599],[59.34521,18.048703],[59.345381,18.048531],[59.345783,18.048129],[59.346315,18.047608],[59.34635,18.047749],[59.34659,18.048722],[59.346636,18.048908],[59.346807,18.049597]]
[[59.343072,18.049256],[59.343026,18.048156],[59.342997,18.047318],[59.342938,18.046688],[59.342906,18.046602],[59.342864,18.046572],[59.342773,18.046563],[59.342019,18.047301],[59.341979,18.047403],[59.342341,18.048838],[59.342602,18.049909],[59.342865,18.050986],[59.342884,18.051069],[59.343147,18.052275],[59.343589,18.054028],[59.343949,18.055527],[59.343975,18.055647],[59.344025,18.055599],[59.344085,18.055544],[59.344158,18.055475],[59.344736,18.054917],[59.34559,18.054097],[59.346401,18.053357],[59.346946,18.052851],[59.347358,18.052463],[59.347321,18.05231],[59.347212,18.051938],[59.347173,18.051842],[59.347134,18.051811],[59.346815,18.052089],[59.346796,18.052142],[59.346797,18.052191]]
[[59.343072,18.049256],[59.343026,18.048156],[59.342997,18.047318],[59.342938,18.046688],[59.342906,18.046602],[59.342864,18.046572],[59.342773,18.046563],[59.342019,18.047301],[59.341979,18.047403],[59.342341,18.048838],[59.342602,18.049909],[59.342865,18.050986],[59.342884,18.051069],[59.343147,18.052275],[59.342702,18.052706]]
[[59.343072,18.049256],[59.343026,18.048156],[59.343179,18.048004],[59.343764,18.047424],[59.344035,18.048471],[59.34432,18.049594],[59.344202,18.049706],[59.34355,18.050348],[59.343968,18.051949],[59.343985,18.052018],[59.34417,18.052733],[59.345144,18.051836],[59.345852,18.051188],[59.3455,18.049818],[59.345367,18.049953]]
[[59.343072,18.049256],[59.343026,18.048156],[59.342997,18.047318],[59.342938,18.046688],[59.342906,18.046602],[59.342864,18.046572],[59.342773,18.046563],[59.342019,18.047301],[59.341979,18.047403],[59.342341,18.048838],[59.340503,18.050677],[59.339804,18.051375],[59.339192,18.051979]]
[[59.343072,18.049256],[59.343026,18.048156],[59.343179,18.048004],[59.343764,18.047424],[59.344035,18.048471],[59.34432,18.049594],[59.344202,18.049706],[59.34355,18.050348],[59.343968,18.051949],[59.343985,18.052018],[59.34417,18.052733],[59.345144,18.051836],[59.345852,18.051188],[59.3459,18.051371],[59.346811,18.050545]]
[[59.343072,18.049256],[59.343026,18.048156],[59.342997,18.047318],[59.342938,18.046688],[59.342906,18.046602],[59.342864,18.046572],[59.342773,18.046563],[59.342019,18.047301],[59.341624,18.045685],[59.341553,18.045754],[59.340184,18.047113],[59.339706,18.047585],[59.33931,18.047976],[59.339016,18.048267],[59.339161,18.048838]]
[[59.343072,18.049256],[59.343026,18.048156],[59.342997,18.047318],[59.342938,18.046688],[59.342906,18.046602],[59.342864,18.046572],[59.342773,18.046563],[59.342019,18.047301],[59.341979,18.047403],[59.342341,18.048838],[59.342602,18.049909],[59.341362,18.05114]]
[[59.343072,18.049256],[59.343026,18.048156],[59.343179,18.048004],[59.343764,18.047424],[59.344035,18.048471],[59.34432,18.049594],[59.344202,18.049706],[59.34355,18.050348],[59.343968,18.051949],[59.343985,18.052018],[59.34417,18.052733],[59.345144,18.051836],[59.345479,18.05153]]
[[59.343072,18.049256],[59.343026,18.048156],[59.343179,18.048004],[59.343764,18.047424],[59.344035,18.048471],[59.344136,18.048869]]
[[59.343072,18.049256],[59.343026,18.048156],[59.343179,18.048004],[59.343764,18.047424],[59.344035,18.048471],[59.344923,18.047599],[59.34521,18.048703],[59.345381,18.048531],[59.345783,18.048129],[59.346315,18.047608],[59.34635,18.047749],[59.34659,18.048722],[59.346636,18.048908],[59.346404,18.049135],[59.346185,18.048979]]
[[59.343072,18.049256],[59.343026,18.048156],[59.342997,18.047318],[59.342938,18.046688],[59.342906,18.046602],[59.342864,18.046572],[59.342773,18.046563],[59.342019,18.047301],[59.341979,18.047403],[59.340131,18.049217],[59.33943,18.049902],[59.33838,18.050943],[59.33786,18.051465]]
[[59.343072,18.049256],[59.343026,18.048156],[59.342997,18.047318],[59.342938,18.046688],[59.342906,18.046602],[59.342864,18.046572],[59.342773,18.046563],[59.342019,18.047301],[59.341624,18.045685],[59.341864,18.04545]]
[[59.343072,18.049256],[59.343026,18.048156],[59.343179,18.048004],[59.343764,18.047424],[59.344654,18.046517],[59.346186,18.044995],[59.346473,18.046136],[59.346578,18.046555],[59.346653,18.046628],[59.346751,18.046648],[59.346859,18.047077],[59.346913,18.04722],[59.347272,18.04865],[59.347523,18.049624],[59.347581,18.049847],[59.347853,18.050866],[59.347871,18.051071]]
[[59.343072,18.049256],[59.343026,18.048156],[59.343179,18.048004],[59.343764,18.047424],[59.344654,18.046517],[59.345118,18.046056]]
[[59.343072,18.049256],[59.343026,18.048156],[59.342997,18.047318],[59.342938,18.046688],[59.342906,18.046602],[59.342864,18.046572],[59.342773,18.046563],[59.342019,18.047301],[59.341979,18.047403],[59.342341,18.048838],[59.342602,18.049909],[59.342865,18.050986],[59.342884,18.051069],[59.343147,18.052275],[59.342573,18.052831],[59.342504,18.052859],[59.342451,18.052948],[59.342414,18.052987]]
[[59.343072,18.049256],[59.343026,18.048156],[59.342997,18.047318],[59.342938,18.046688],[59.342906,18.046602],[59.342864,18.046572],[59.342773,18.046563],[59.342019,18.047301],[59.341979,18.047403],[59.342341,18.048838],[59.340503,18.050677],[59.339804,18.051375],[59.338836,18.052331],[59.338757,18.052433],[59.338579,18.051729]]
[[59.343072,18.049256],[59.343026,18.048156],[59.343179,18.048004],[59.343764,18.047424],[59.344035,18.048471],[59.344923,18.047599],[59.344939,18.047661]]
[[59.343072,18.049256],[59.343026,18.048156],[59.342997,18.047318],[59.342965,18.04642],[59.342902,18.046169],[59.34283,18.044494],[59.343282,18.044044]]
[[59.343072,18.049256],[59.343026,18.048156],[59.342997,18.047318],[59.342938,18.046688],[59.342906,18.046602],[59.342864,18.046572],[59.342773,18.046563],[59.342019,18.047301],[59.341979,18.047403],[59.342341,18.048838],[59.342602,18.049909],[59.342865,18.050986],[59.342884,18.051069],[59.343147,18.052275],[59.343589,18.054028],[59.343524,18.054081],[59.343309,18.054244]]
[[59.343072,18.049256],[59.343026,18.048156],[59.342997,18.047318],[59.342938,18.046688],[59.342906,18.046602],[59.342864,18.046572],[59.342773,18.046563],[59.342019,18.047301],[59.341979,18.047403],[59.342341,18.048838],[59.342602,18.049909],[59.342865,18.050986],[59.342884,18.051069],[59.343147,18.052275],[59.3432,18.052231],[59.343241,18.052196],[59.343197,18.051952],[59.343174,18.051679],[59.343087,18.049602]]
[[59.343072,18.049256],[59.343026,18.048156],[59.342997,18.047318],[59.342938,18.046688],[59.342906,18.046602],[59.342864,18.046572],[59.342773,18.046563],[59.342019,18.047301],[59.341624,18.045685],[59.341553,18.045754],[59.340184,18.047113],[59.339706,18.047585],[59.33931,18.047976],[59.339237,18.047693],[59.339186,18.047748]]
[[59.343072,18.049256],[59.343026,18.048156],[59.343179,18.048004],[59.343764,18.047424],[59.344654,18.046517],[59.345654,18.045523]]
[[59.343072,18.049256],[59.343026,18.048156],[59.342997,18.047318],[59.342938,18.046688],[59.342906,18.046602],[59.342864,18.046572],[59.342773,18.046563],[59.342019,18.047301],[59.341979,18.047403],[59.340131,18.049217],[59.340242,18.049655]]
[[59.343072,18.049256],[59.343026,18.048156],[59.343179,18.048004],[59.343764,18.047424],[59.344654,18.046517],[59.346186,18.044995],[59.346473,18.046136],[59.346578,18.046555],[59.346653,18.046628],[59.346751,18.046648],[59.346859,18.047077],[59.347151,18.046787],[59.347509,18.046428],[59.347815,18.046125],[59.347703,18.045624],[59.347669,18.045576],[59.347639,18.045574],[59.347514,18.045687],[59.347353,18.045076],[59.347289,18.045017],[59.347209,18.045073],[59.347186,18.04516],[59.347188,18.045255]]
[[59.343072,18.049256],[59.343026,18.048156],[59.342997,18.047318],[59.342938,18.046688],[59.342906,18.046602],[59.342864,18.046572],[59.342773,18.046563],[59.342019,18.047301],[59.341624,18.045685],[59.341553,18.045754],[59.341024,18.046279]]
[[59.343072,18.049256],[59.343026,18.048156],[59.343179,18.048004],[59.343764,18.047424],[59.344654,18.046517],[59.346186,18.044995],[59.346473,18.046136],[59.346578,18.046555],[59.346653,18.046628],[59.346751,18.046648],[59.346859,18.047077],[59.347151,18.046787],[59.347509,18.046428],[59.347815,18.046125],[59.347703,18.045624],[59.347669,18.045576],[59.347639,18.045574],[59.347514,18.045687],[59.347398,18.045811],[59.347386,18.045869],[59.347382,18.04595],[59.347395,18.046002]]
[[59.343072,18.049256],[59.343026,18.048156],[59.343179,18.048004],[59.343764,18.047424],[59.344654,18.046517],[59.344312,18.045189]]
[[59.343072,18.049256],[59.343026,18.048156],[59.342997,18.047318],[59.342938,18.046688],[59.342906,18.046602],[59.342864,18.046572],[59.342773,18.046563],[59.342019,18.047301],[59.341979,18.047403],[59.342341,18.048838],[59.340503,18.050677],[59.339804,18.051375],[59.339456,18.051718]]
[[59.343072,18.049256],[59.343026,18.048156],[59.343179,18.048004],[59.343764,18.047424],[59.344035,18.048471],[59.34432,18.049594],[59.344202,18.049706],[59.344282,18.050019]]
[[59.343072,18.049256],[59.343026,18.048156],[59.342997,18.047318],[59.342938,18.046688],[59.342906,18.046602],[59.342864,18.046572],[59.342773,18.046563],[59.342019,18.047301],[59.341979,18.047403],[59.342341,18.048838],[59.342602,18.049909],[59.342865,18.050986],[59.342884,18.051069],[59.343147,18.052275],[59.343589,18.054028],[59.343949,18.055527],[59.343975,18.055647],[59.344025,18.055599],[59.344085,18.055544],[59.344158,18.055475],[59.344736,18.054917],[59.34559,18.054097],[59.346401,18.053357],[59.346362,18.053201],[59.345591,18.053941],[59.345458,18.054075],[59.344983,18.054531]]
[[59.343072,18.049256],[59.343026,18.048156],[59.342997,18.047318],[59.342938,18.046688],[59.342906,18.046602],[59.342864,18.046572],[59.342773,18.046563],[59.342019,18.047301],[59.341979,18.047403],[59.342341,18.048838],[59.342602,18.049909],[59.342865,18.050986],[59.342884,18.051069],[59.343147,18.052275],[59.3432,18.052231],[59.343241,18.052196],[59.343197,18.051952],[59.343174,18.051679],[59.343124,18.05048]]
[[59.343072,18.049256],[59.343026,18.048156],[59.342997,18.047318],[59.342938,18.046688],[59.342906,18.046602],[59.342864,18.046572],[59.342773,18.046563],[59.342019,18.047301],[59.341624,18.045685],[59.341553,18.045754],[59.340184,18.047113],[59.339706,18.047585],[59.33931,18.047976],[59.339016,18.048267],[59.337973,18.049307],[59.338033,18.04955],[59.338117,18.049888]]
[[59.343072,18.049256],[59.343026,18.048156],[59.342997,18.047318],[59.342938,18.046688],[59.342906,18.046602],[59.342864,18.046572],[59.342773,18.046563],[59.342019,18.047301],[59.341624,18.045685],[59.341553,18.045754],[59.340184,18.047113],[59.339706,18.047585],[59.33931,18.047976],[59.339016,18.048267],[59.337973,18.049307],[59.337799,18.048626],[59.337726,18.048476],[59.337635,18.048378],[59.337538,18.048318],[59.337507,18.048204],[59.337367,18.047683],[59.33731,18.047461],[59.33743,18.047321],[59.337525,18.047044],[59.337733,18.046838],[59.337783,18.046907],[59.337912,18.046783],[59.338014,18.046687]]
[[59.343072,18.049256],[59.343026,18.048156],[59.342997,18.047318],[59.342938,18.046688],[59.342906,18.046602],[59.342864,18.046572],[59.342773,18.046563],[59.342019,18.047301],[59.341979,18.047403],[59.342224,18.048374]]
[[59.343072,18.049256],[59.343026,18.048156],[59.343179,18.048004],[59.343764,18.047424],[59.344654,18.046517],[59.344285,18.045084],[59.343903,18.045467],[59.34359,18.04578]]
[[59.343072,18.049256],[59.343026,18.048156],[59.342997,18.047318],[59.342938,18.046688],[59.342906,18.046602],[59.342864,18.046572],[59.342773,18.046563],[59.342019,18.047301],[59.341979,18.047403],[59.342341,18.048838],[59.340503,18.050677],[59.339804,18.051375],[59.340091,18.052508]]
[[59.343072,18.049256],[59.343026,18.048156],[59.342997,18.047318],[59.342938,18.046688],[59.342906,18.046602],[59.342864,18.046572],[59.342773,18.046563],[59.342019,18.047301],[59.341624,18.045685],[59.341553,18.045754],[59.340741,18.04656]]
[[59.343072,18.049256],[59.343026,18.048156],[59.343179,18.048004],[59.343764,18.047424],[59.344654,18.046517],[59.346186,18.044995],[59.346473,18.046136],[59.346578,18.046555],[59.346653,18.046628],[59.346751,18.046648],[59.346859,18.047077],[59.347151,18.046787],[59.347509,18.046428],[59.347815,18.046125],[59.347703,18.045624],[59.347669,18.045576],[59.347639,18.045574],[59.347514,18.045687],[59.347471,18.045528]]
[[59.343072,18.049256],[59.343026,18.048156],[59.342997,18.047318],[59.342938,18.046688],[59.342906,18.046602],[59.342864,18.046572],[59.342773,18.046563],[59.342019,18.047301],[59.341979,18.047403],[59.341474,18.047898]]
[[59.343072,18.049256],[59.343026,18.048156],[59.343179,18.048004],[59.343764,18.047424],[59.344654,18.046517],[59.346186,18.044995],[59.346309,18.044873],[59.345943,18.043449],[59.345822,18.043575],[59.344855,18.044524]]
[[59.343072,18.049256],[59.343026,18.048156],[59.343179,18.048004],[59.343764,18.047424],[59.344654,18.046517],[59.344285,18.045084],[59.343903,18.045467],[59.343865,18.045324],[59.343817,18.045133]]
[[59.343072,18.049256],[59.343026,18.048156],[59.342997,18.047318],[59.342938,18.046688],[59.342906,18.046602],[59.342864,18.046572],[59.342773,18.046563],[59.342019,18.047301],[59.341979,18.047403],[59.342341,18.048838],[59.342424,18.049178]]
[[59.343072,18.049256],[59.343026,18.048156],[59.343179,18.048004],[59.343764,18.047424],[59.344035,18.048471],[59.34432,18.049594],[59.344482,18.049432],[59.344965,18.048948]]
[[59.343072,18.049256],[59.343026,18.048156],[59.343179,18.048004],[59.343764,18.047424],[59.344035,18.048471],[59.344097,18.048713]]
[[59.343072,18.049256],[59.343026,18.048156],[59.342997,18.047318],[59.342938,18.046688],[59.342906,18.046602],[59.342864,18.046572],[59.342773,18.046563],[59.342019,18.047301],[59.341979,18.047403],[59.342341,18.048838],[59.342602,18.049909],[59.340759,18.051739],[59.341032,18.05282],[59.341062,18.052937],[59.341052,18.053076]]
[[59.343072,18.049256],[59.343026,18.048156],[59.342997,18.047318],[59.342938,18.046688],[59.342906,18.046602],[59.342864,18.046572],[59.342773,18.046563],[59.342019,18.047301],[59.341624,18.045685],[59.341553,18.045754],[59.340184,18.047113],[59.339706,18.047585],[59.33931,18.047976],[59.339256,18.048029]]
[[59.343072,18.049256],[59.343026,18.048156],[59.342997,18.047318],[59.342938,18.046688],[59.342906,18.046602],[59.342864,18.046572],[59.342773,18.046563],[59.342019,18.047301],[59.341979,18.047403],[59.340131,18.049217],[59.33943,18.049902],[59.339103,18.050226]]
[[59.343072,18.049256],[59.343026,18.048156],[59.343179,18.048004],[59.343764,18.047424],[59.344654,18.046517],[59.346186,18.044995],[59.346473,18.046136],[59.346578,18.046555],[59.346653,18.046628],[59.346751,18.046648],[59.346859,18.047077],[59.346913,18.04722],[59.347272,18.04865],[59.347523,18.049624],[59.347581,18.049847],[59.347701,18.050297]]
[[59.343072,18.049256],[59.343026,18.048156],[59.343179,18.048004],[59.343764,18.047424],[59.344654,18.046517],[59.346186,18.044995],[59.346473,18.046136],[59.346578,18.046555],[59.346653,18.046628],[59.346751,18.046648],[59.346859,18.047077],[59.346913,18.04722],[59.347272,18.04865],[59.347514,18.049587]]
[[59.343072,18.049256],[59.343026,18.048156],[59.343179,18.048004],[59.343764,18.047424],[59.344654,18.046517],[59.344799,18.047101]]
[[59.343072,18.049256],[59.343026,18.048156],[59.342997,18.047318],[59.342938,18.046688],[59.342906,18.046602],[59.342864,18.046572],[59.342773,18.046563],[59.342019,18.047301],[59.341979,18.047403],[59.341734,18.047643]]
[[59.343072,18.049256],[59.343026,18.048156],[59.343179,18.048004],[59.343764,18.047424],[59.344035,18.048471],[59.344923,18.047599],[59.34521,18.048703],[59.345381,18.048531],[59.345783,18.048129],[59.346315,18.047608],[59.34635,18.047749],[59.34659,18.048722],[59.346636,18.048908],[59.346647,18.048951]]
[[59.343072,18.049256],[59.343026,18.048156],[59.342997,18.047318],[59.342938,18.046688],[59.342906,18.046602],[59.342864,18.046572],[59.342773,18.046563],[59.342019,18.047301],[59.341979,18.047403],[59.342341,18.048838],[59.342602,18.049909],[59.342865,18.050986],[59.342884,18.051069],[59.343147,18.052275],[59.343589,18.054028],[59.343949,18.055527],[59.343975,18.055647],[59.344025,18.055599],[59.344085,18.055544],[59.344158,18.055475],[59.344736,18.054917],[59.34559,18.054097],[59.346401,18.053357],[59.346946,18.052851],[59.347358,18.052463],[59.347321,18.05231],[59.347212,18.051938],[59.347173,18.051842],[59.347134,18.051811],[59.346997,18.05193]]
[[59.343072,18.049256],[59.343026,18.048156],[59.343179,18.048004],[59.343656,18.047531]]
[[59.343072,18.049256],[59.343026,18.048156],[59.342997,18.047318],[59.342938,18.046688],[59.342906,18.046602],[59.342864,18.046572],[59.342773,18.046563],[59.342019,18.047301],[59.341979,18.047403],[59.342341,18.048838],[59.342602,18.049909],[59.340759,18.051739],[59.341032,18.05282],[59.341062,18.052937],[59.341052,18.053076],[59.340971,18.053378]]
[[59.343072,18.049256],[59.343026,18.048156],[59.342997,18.047318],[59.342938,18.046688],[59.342906,18.046602],[59.342864,18.046572],[59.342773,18.046563],[59.342019,18.047301],[59.341979,18.047403],[59.342341,18.048838],[59.342602,18.049909],[59.342865,18.050986],[59.342884,18.051069],[59.342745,18.051198],[59.342649,18.051201],[59.342403,18.051436],[59.342333,18.051562],[59.341954,18.051923],[59.341794,18.052078]]
[[59.343072,18.049256],[59.343026,18.048156],[59.343179,18.048004],[59.343358,18.047826]]
[[59.343072,18.049256],[59.343026,18.048156],[59.343179,18.048004],[59.343356,18.047829]]
[[59.343072,18.049256],[59.343026,18.048156],[59.342997,18.047318],[59.342938,18.046688],[59.342906,18.046602],[59.342864,18.046572],[59.342773,18.046563],[59.342019,18.047301],[59.341979,18.047403],[59.342341,18.048838],[59.340503,18.050677],[59.339804,18.051375],[59.340167,18.052806],[59.339562,18.053422],[59.339113,18.053861],[59.338601,18.054374],[59.338542,18.054141],[59.338404,18.0536]]
[[59.343072,18.049256],[59.343026,18.048156],[59.343179,18.048004],[59.343764,18.047424],[59.344654,18.046517],[59.344897,18.046276]]
[[59.343072,18.049256],[59.343026,18.048156],[59.343179,18.048004],[59.343764,18.047424],[59.344035,18.048471],[59.344923,18.047599],[59.34521,18.048703],[59.345381,18.048531],[59.345783,18.048129],[59.346315,18.047608],[59.34635,18.047749],[59.34659,18.048722],[59.346636,18.048908],[59.346404,18.049135],[59.346308,18.049672],[59.346205,18.049783],[59.346087,18.049687]]
[[59.343072,18.049256],[59.343026,18.048156],[59.343179,18.048004],[59.343764,18.047424],[59.344035,18.048471],[59.34432,18.049594],[59.344202,18.049706],[59.34355,18.050348],[59.343968,18.051949],[59.344162,18.051764],[59.344204,18.051615],[59.344376,18.051443],[59.344483,18.050788],[59.34495,18.051085],[59.345046,18.050516],[59.345265,18.050286],[59.345269,18.050247]]
[[59.343072,18.049256],[59.343026,18.048156],[59.342997,18.047318],[59.342938,18.046688],[59.342906,18.046602],[59.342864,18.046572],[59.342773,18.046563],[59.342019,18.047301],[59.341979,18.047403],[59.342341,18.048838],[59.340503,18.050677],[59.339804,18.051375],[59.340167,18.052806],[59.339562,18.053422],[59.339457,18.053524]]
[[59.343072,18.049256],[59.343026,18.048156],[59.342997,18.047318],[59.342938,18.046688],[59.342906,18.046602],[59.342864,18.046572],[59.342773,18.046563],[59.342019,18.047301],[59.341624,18.045685],[59.341553,18.045754],[59.340515,18.046784]]
[[59.343072,18.049256],[59.343026,18.048156],[59.342997,18.047318],[59.342938,18.046688],[59.342906,18.046602],[59.342864,18.046572],[59.342773,18.046563],[59.342019,18.047301],[59.341624,18.045685],[59.341553,18.045754],[59.340184,18.047113],[59.339706,18.047585],[59.339915,18.048385]]
[[59.343072,18.049256],[59.343026,18.048156],[59.342997,18.047318],[59.342938,18.046688],[59.342906,18.046602],[59.342864,18.046572],[59.342773,18.046563],[59.342019,18.047301],[59.341979,18.047403],[59.340131,18.049217],[59.33943,18.049902],[59.338723,18.050603]]
[[59.343072,18.049256],[59.343026,18.048156],[59.342997,18.047318],[59.342938,18.046688],[59.342906,18.046602],[59.342864,18.046572],[59.342773,18.046563],[59.342019,18.047301],[59.341624,18.045685],[59.341553,18.045754],[59.340184,18.047113],[59.339706,18.047585],[59.33931,18.047976],[59.339016,18.048267],[59.337973,18.049307],[59.338033,18.04955],[59.338218,18.050296]]
[[59.343072,18.049256],[59.343026,18.048156],[59.342997,18.047318],[59.342938,18.046688],[59.342906,18.046602],[59.342864,18.046572],[59.342773,18.046563],[59.342019,18.047301],[59.341979,18.047403],[59.342341,18.048838],[59.342178,18.049001]]
[[59.343072,18.049256],[59.343026,18.048156],[59.343179,18.048004],[59.343764,18.047424],[59.344654,18.046517],[59.344285,18.045084],[59.343903,18.045467],[59.343349,18.046022]]
[[59.343072,18.049256],[59.343026,18.048156],[59.342997,18.047318],[59.342938,18.046688],[59.342906,18.046602],[59.342864,18.046572],[59.342773,18.046563],[59.342019,18.047301],[59.341979,18.047403],[59.342341,18.048838],[59.342602,18.049909],[59.342865,18.050986],[59.342884,18.051069],[59.343147,18.052275],[59.343589,18.054028],[59.343949,18.055527],[59.343975,18.055647],[59.344025,18.055599],[59.344085,18.055544],[59.344158,18.055475],[59.344736,18.054917],[59.34559,18.054097],[59.346401,18.053357],[59.346946,18.052851],[59.347358,18.052463],[59.347321,18.05231],[59.346907,18.052696],[59.3469,18.052702]]
[[59.343072,18.049256],[59.343026,18.048156],[59.342997,18.047318],[59.342938,18.046688],[59.342906,18.046602],[59.342864,18.046572],[59.342773,18.046563],[59.342019,18.047301],[59.341979,18.047403],[59.342341,18.048838],[59.341155,18.050025]]
[[59.343072,18.049256],[59.343026,18.048156],[59.343179,18.048004],[59.343764,18.047424],[59.344654,18.046517],[59.344285,18.045084],[59.344076,18.045293]]
