[[56.162348,15.582644],[56.162424,15.582416],[56.162479,15.582248],[56.163027,15.581743],[56.163705,15.581116]]
[[56.162348,15.582644],[56.162424,15.582416],[56.162479,15.582248],[56.162768,15.581409],[56.162484,15.581143],[56.162293,15.580914],[56.162052,15.580482],[56.161986,15.580309],[56.161889,15.579909],[56.161879,15.579698],[56.16197,15.578532],[56.162132,15.576871],[56.161861,15.576722],[56.16144,15.576559],[56.161249,15.576524],[56.16108,15.576588],[56.160713,15.577211],[56.160205,15.578205],[56.159949,15.578629],[56.159633,15.578804],[56.159438,15.578944],[56.159315,15.579149],[56.15915,15.578957],[56.158819,15.578955],[56.158655,15.578954],[56.158656,15.579214],[56.1582,15.579246],[56.157892,15.579281],[56.157869,15.579372],[56.157867,15.579729],[56.157861,15.580497]]
[[56.162348,15.582644],[56.162424,15.582416],[56.162479,15.582248],[56.162768,15.581409],[56.162745,15.581388]]
[[56.162348,15.582644],[56.162424,15.582416],[56.162479,15.582248],[56.162768,15.581409],[56.162484,15.581143],[56.162293,15.580914],[56.162052,15.580482],[56.161986,15.580309],[56.161909,15.580363],[56.161751,15.58063],[56.161363,15.581638],[56.161147,15.582188],[56.161093,15.582286],[56.16102,15.582326],[56.160849,15.582318],[56.160784,15.583087],[56.160668,15.584108],[56.160704,15.584588],[56.159784,15.585461],[56.159801,15.585]]
[[56.162348,15.582644],[56.162424,15.582416],[56.162479,15.582248],[56.162768,15.581409],[56.162484,15.581143],[56.162293,15.580914],[56.162052,15.580482],[56.161986,15.580309],[56.161889,15.579909],[56.161879,15.579698],[56.16197,15.578532],[56.162132,15.576871],[56.161861,15.576722],[56.16144,15.576559],[56.161249,15.576524],[56.16108,15.576588],[56.160713,15.577211],[56.160205,15.578205],[56.159949,15.578629],[56.159633,15.578804],[56.159438,15.578944],[56.159315,15.579149],[56.15915,15.578957],[56.158819,15.578955],[56.158849,15.578383],[56.158749,15.578184],[56.1586,15.578201]]
[[56.162348,15.582644],[56.162424,15.582416],[56.162479,15.582248],[56.162768,15.581409],[56.162484,15.581143],[56.162293,15.580914],[56.162052,15.580482],[56.161986,15.580309],[56.161889,15.579909],[56.161879,15.579698],[56.16197,15.578532],[56.162555,15.57855],[56.162693,15.578428],[56.162697,15.578404]]
[[56.162348,15.582644],[56.162424,15.582416],[56.162479,15.582248],[56.162768,15.581409],[56.162484,15.581143],[56.162293,15.580914],[56.162052,15.580482],[56.161986,15.580309],[56.161909,15.580363],[56.161751,15.58063],[56.161363,15.581638],[56.161147,15.582188],[56.161093,15.582286],[56.16102,15.582326],[56.160849,15.582318],[56.160422,15.582324],[56.16032,15.582275],[56.160237,15.582317],[56.1599,15.582278],[56.159321,15.582233],[56.159147,15.582236],[56.158678,15.582216],[56.157699,15.582173]]
[[56.162348,15.582644],[56.162424,15.582416],[56.162479,15.582248],[56.162768,15.581409],[56.162865,15.581454],[56.162973,15.581463],[56.163083,15.581416],[56.163287,15.581294],[56.163792,15.580892],[56.163996,15.580812],[56.164318,15.58078]]
[[56.162348,15.582644],[56.162424,15.582416],[56.162479,15.582248],[56.162768,15.581409],[56.162484,15.581143],[56.162293,15.580914],[56.162052,15.580482],[56.161986,15.580309],[56.161909,15.580363],[56.161751,15.58063],[56.161363,15.581638],[56.161147,15.582188],[56.161093,15.582286],[56.16102,15.582326],[56.160849,15.582318],[56.160422,15.582324],[56.16032,15.582275],[56.160237,15.582317],[56.1599,15.582278],[56.159321,15.582233],[56.159147,15.582236],[56.159087,15.583814],[56.157892,15.583591],[56.157623,15.583565],[56.157572,15.584897]]
[[56.162348,15.582644],[56.162204,15.583079],[56.162185,15.583755],[56.162805,15.583802],[56.162874,15.583737],[56.162939,15.583522],[56.162991,15.583348],[56.163266,15.582571],[56.163436,15.582299],[56.163798,15.581904],[56.163905,15.581819]]
[[56.162348,15.582644],[56.162424,15.582416],[56.162479,15.582248],[56.162768,15.581409],[56.162865,15.581454],[56.162973,15.581463],[56.163083,15.581416],[56.163287,15.581294],[56.163792,15.580892],[56.163996,15.580812],[56.164402,15.580771],[56.16465,15.580815],[56.164586,15.581288],[56.164534,15.581857],[56.164078,15.581729],[56.163994,15.581748],[56.163877,15.582846],[56.163815,15.583008],[56.163726,15.583152]]
[[56.162348,15.582644],[56.162424,15.582416],[56.162479,15.582248],[56.162768,15.581409],[56.162484,15.581143],[56.162293,15.580914],[56.162052,15.580482],[56.161986,15.580309],[56.161909,15.580363],[56.161751,15.58063],[56.161363,15.581638],[56.161293,15.581817]]
[[56.162348,15.582644],[56.162424,15.582416],[56.162479,15.582248],[56.162768,15.581409],[56.162865,15.581454],[56.162973,15.581463],[56.163083,15.581416],[56.163287,15.581294],[56.163792,15.580892],[56.163996,15.580812],[56.164402,15.580771],[56.16465,15.580815],[56.164586,15.581288],[56.164534,15.581857],[56.16484,15.582011],[56.164851,15.582048],[56.164885,15.582159],[56.164993,15.582701],[56.165012,15.583176],[56.165006,15.583748],[56.165001,15.584138],[56.164983,15.584497]]
[[56.162348,15.582644],[56.162424,15.582416],[56.162479,15.582248],[56.162768,15.581409],[56.162865,15.581454],[56.162973,15.581463],[56.163083,15.581416],[56.163287,15.581294],[56.163792,15.580892],[56.163996,15.580812],[56.164402,15.580771],[56.16465,15.580815],[56.164586,15.581288],[56.164534,15.581857],[56.164326,15.583687],[56.164256,15.584551],[56.164224,15.584935],[56.16313,15.584847],[56.163046,15.585034],[56.163029,15.58553],[56.163013,15.585955]]
[[56.162348,15.582644],[56.162424,15.582416],[56.162479,15.582248],[56.162768,15.581409],[56.162484,15.581143],[56.162293,15.580914],[56.162052,15.580482],[56.161986,15.580309],[56.161909,15.580363],[56.161751,15.58063],[56.161689,15.580534],[56.161664,15.580408],[56.161806,15.578728],[56.161263,15.578738],[56.161182,15.579393]]
[[56.162348,15.582644],[56.162424,15.582416],[56.162479,15.582248],[56.162768,15.581409],[56.162484,15.581143],[56.162293,15.580914],[56.162052,15.580482],[56.161986,15.580309],[56.161909,15.580363],[56.161751,15.58063],[56.161689,15.580534],[56.161664,15.580408],[56.161806,15.578728],[56.161263,15.578738],[56.161276,15.578631]]
[[56.162348,15.582644],[56.162424,15.582416],[56.162479,15.582248],[56.162768,15.581409],[56.162484,15.581143],[56.162293,15.580914],[56.162226,15.580794]]
[[56.162348,15.582644],[56.162424,15.582416],[56.162479,15.582248],[56.162768,15.581409],[56.162865,15.581454],[56.162973,15.581463],[56.163083,15.581416],[56.163287,15.581294],[56.163792,15.580892],[56.163996,15.580812],[56.164402,15.580771],[56.16465,15.580815],[56.164876,15.5809],[56.165097,15.581032],[56.165137,15.581059],[56.165258,15.581195],[56.1655,15.5814]]
[[56.162348,15.582644],[56.162424,15.582416],[56.162479,15.582248],[56.162768,15.581409],[56.162865,15.581454],[56.162973,15.581463],[56.163083,15.581416],[56.163287,15.581294],[56.163792,15.580892],[56.163996,15.580812],[56.164402,15.580771],[56.16465,15.580815],[56.164876,15.5809],[56.165097,15.581032],[56.165137,15.581059],[56.165258,15.581195],[56.165531,15.581427],[56.165721,15.581742],[56.165789,15.581977],[56.16583,15.582572],[56.165811,15.58374],[56.165797,15.584668],[56.16589,15.584669],[56.165909,15.582987],[56.165914,15.58263],[56.165912,15.581988],[56.16588,15.581804],[56.165816,15.581619],[56.165709,15.581446],[56.165488,15.581241],[56.165481,15.581235]]
[[56.162348,15.582644],[56.162424,15.582416],[56.162479,15.582248],[56.162768,15.581409],[56.162484,15.581143],[56.162293,15.580914],[56.162052,15.580482],[56.161986,15.580309],[56.161909,15.580363],[56.161751,15.58063],[56.161363,15.581638],[56.161147,15.582188],[56.161093,15.582286],[56.16102,15.582326],[56.160849,15.582318],[56.160784,15.583087],[56.160668,15.584108],[56.160704,15.584588],[56.159784,15.585461],[56.1595,15.585496]]
[[56.162348,15.582644],[56.162424,15.582416],[56.162479,15.582248],[56.162768,15.581409],[56.162865,15.581454],[56.162973,15.581463],[56.163083,15.581416],[56.163287,15.581294],[56.163792,15.580892],[56.163996,15.580812],[56.164402,15.580771],[56.16465,15.580815],[56.164876,15.5809],[56.165097,15.581032],[56.165137,15.581059],[56.165258,15.581195],[56.165531,15.581427],[56.165721,15.581742],[56.165789,15.581977],[56.16583,15.582572],[56.165811,15.58374],[56.165797,15.584668],[56.165784,15.585226],[56.165788,15.585785],[56.165808,15.585968],[56.165889,15.586294],[56.166,15.58659],[56.166056,15.586711],[56.166298,15.587025],[56.166422,15.58713],[56.166667,15.587263],[56.167154,15.58738],[56.167556,15.587447],[56.168557,15.587618],[56.168822,15.58769],[56.169175,15.587855],[56.169461,15.588073],[56.169637,15.588243],[56.169908,15.588573],[56.170091,15.588843],[56.170247,15.589128],[56.171696,15.592537],[56.17213,15.593492],[56.172677,15.594613],[56.172859,15.595301],[56.172939,15.595709],[56.172976,15.596144],[56.17298,15.596344],[56.172952,15.597211],[56.172974,15.597708],[56.173032,15.598071],[56.173172,15.598675],[56.173257,15.598609],[56.173467,15.598436],[56.173735,15.598101],[56.174013,15.597625],[56.174241,15.597221],[56.174725,15.596415],[56.174859,15.596187],[56.174927,15.596067],[56.174706,15.595679],[56.174619,15.595557],[56.174544,15.595477],[56.174457,15.595422],[56.174245,15.595359],[56.173713,15.595324],[56.173592,15.595284],[56.173372,15.595153],[56.172951,15.594694],[56.172576,15.594164],[56.172174,15.593328],[56.171767,15.592446],[56.171462,15.591718],[56.170439,15.589289],[56.170294,15.588988],[56.170132,15.588683],[56.169953,15.588411],[56.169687,15.588091],[56.169512,15.587917],[56.169369,15.587791],[56.169045,15.587588],[56.168842,15.587493],[56.168584,15.587425],[56.168033,15.58731],[56.167385,15.587208]]
[[56.162348,15.582644],[56.162424,15.582416],[56.162549,15.582574],[56.162573,15.582625],[56.162584,15.582769],[56.162602,15.582797]]
[[56.162348,15.582644],[56.162424,15.582416],[56.162479,15.582248],[56.162768,15.581409],[56.162865,15.581454],[56.162973,15.581463],[56.163083,15.581416],[56.163287,15.581294],[56.163792,15.580892],[56.163996,15.580812],[56.164402,15.580771],[56.16465,15.580815],[56.164876,15.5809],[56.164992,15.580969]]
[[56.162348,15.582644],[56.162424,15.582416],[56.162479,15.582248],[56.162768,15.581409],[56.162865,15.581454],[56.162973,15.581463],[56.163083,15.581416],[56.163287,15.581294],[56.163792,15.580892],[56.163996,15.580812],[56.164402,15.580771],[56.16465,15.580815],[56.164586,15.581288],[56.164534,15.581857],[56.164326,15.583687],[56.164256,15.584551],[56.164224,15.584935],[56.16313,15.584847],[56.162176,15.584735],[56.162172,15.584837],[56.161571,15.584814],[56.161553,15.585782],[56.161531,15.587013]]
[[56.162348,15.582644],[56.162424,15.582416],[56.162479,15.582248],[56.162768,15.581409],[56.162484,15.581143],[56.162293,15.580914],[56.162052,15.580482],[56.161986,15.580309],[56.161889,15.579909],[56.161879,15.579698],[56.16197,15.578532],[56.162298,15.578542]]
[[56.162348,15.582644],[56.162424,15.582416],[56.162479,15.582248],[56.162768,15.581409],[56.162484,15.581143],[56.162293,15.580914],[56.162052,15.580482],[56.161986,15.580309],[56.161909,15.580363],[56.161751,15.58063],[56.161363,15.581638],[56.161147,15.582188],[56.161093,15.582286],[56.16102,15.582326],[56.160849,15.582318],[56.160961,15.581276],[56.161027,15.580674]]
[[56.162348,15.582644],[56.162424,15.582416],[56.162479,15.582248],[56.162768,15.581409],[56.162865,15.581454],[56.162973,15.581463],[56.163083,15.581416],[56.163287,15.581294],[56.163792,15.580892],[56.163996,15.580812],[56.164402,15.580771],[56.16465,15.580815],[56.164586,15.581288],[56.164534,15.581857],[56.164326,15.583687],[56.164256,15.584551],[56.164224,15.584935],[56.164701,15.584953]]
[[56.162348,15.582644],[56.162424,15.582416],[56.162479,15.582248],[56.162768,15.581409],[56.162484,15.581143],[56.162293,15.580914],[56.162052,15.580482],[56.161986,15.580309],[56.161889,15.579909],[56.161879,15.579698],[56.16197,15.578532],[56.162555,15.57855],[56.162693,15.578428],[56.162793,15.577744]]
[[56.162348,15.582644],[56.162424,15.582416],[56.162479,15.582248],[56.162768,15.581409],[56.162865,15.581454],[56.162973,15.581463],[56.163083,15.581416],[56.163287,15.581294],[56.163792,15.580892],[56.163996,15.580812],[56.164402,15.580771],[56.16465,15.580815],[56.164876,15.5809],[56.165097,15.581032],[56.165137,15.581059],[56.165258,15.581195],[56.165531,15.581427],[56.165721,15.581742],[56.165789,15.581977],[56.16583,15.582572],[56.165811,15.58374],[56.165797,15.584668],[56.16589,15.584669],[56.165909,15.582987],[56.166537,15.582992],[56.166611,15.582989],[56.166802,15.58313]]
[[56.162348,15.582644],[56.162424,15.582416],[56.162479,15.582248],[56.162768,15.581409],[56.162865,15.581454],[56.162973,15.581463],[56.163083,15.581416],[56.163287,15.581294],[56.163792,15.580892],[56.163996,15.580812],[56.164094,15.580803]]
[[56.162348,15.582644],[56.162424,15.582416],[56.162479,15.582248],[56.162768,15.581409],[56.162865,15.581454],[56.162973,15.581463],[56.163083,15.581416],[56.163287,15.581294],[56.163792,15.580892],[56.163996,15.580812],[56.164402,15.580771],[56.16465,15.580815],[56.164586,15.581288],[56.164534,15.581857],[56.164326,15.583687],[56.164256,15.584551],[56.164224,15.584935],[56.16313,15.584847],[56.163046,15.585034],[56.163029,15.58553],[56.163027,15.58558]]
[[56.162348,15.582644],[56.162424,15.582416],[56.162479,15.582248],[56.162768,15.581409],[56.162484,15.581143],[56.162293,15.580914],[56.162052,15.580482],[56.161986,15.580309],[56.161909,15.580363],[56.161751,15.58063],[56.161363,15.581638],[56.161147,15.582188],[56.161093,15.582286],[56.16102,15.582326],[56.160849,15.582318],[56.160784,15.583087],[56.160668,15.584108],[56.160376,15.584067]]
[[56.162348,15.582644],[56.162424,15.582416],[56.162479,15.582248],[56.162768,15.581409],[56.162865,15.581454],[56.162973,15.581463],[56.163083,15.581416],[56.163287,15.581294],[56.163792,15.580892],[56.163996,15.580812],[56.164402,15.580771],[56.16465,15.580815],[56.164586,15.581288],[56.164534,15.581857],[56.164326,15.583687],[56.164256,15.584551],[56.164224,15.584935],[56.164697,15.584953]]
[[56.162348,15.582644],[56.162424,15.582416],[56.162479,15.582248],[56.162768,15.581409],[56.162484,15.581143],[56.162293,15.580914],[56.162052,15.580482],[56.161986,15.580309],[56.161909,15.580363],[56.161751,15.58063],[56.161363,15.581638],[56.161147,15.582188],[56.161093,15.582286],[56.16102,15.582326],[56.160849,15.582318],[56.160422,15.582324],[56.16032,15.582275],[56.160237,15.582317],[56.1599,15.582278],[56.159321,15.582233],[56.159147,15.582236],[56.159087,15.583814],[56.159073,15.584983],[56.159071,15.585212],[56.159067,15.585549],[56.158521,15.585493],[56.158061,15.585396]]
[[56.162348,15.582644],[56.162424,15.582416],[56.162479,15.582248],[56.162768,15.581409],[56.162865,15.581454],[56.162973,15.581463],[56.163083,15.581416],[56.163287,15.581294],[56.163792,15.580892],[56.163996,15.580812],[56.164402,15.580771],[56.16465,15.580815],[56.164876,15.5809],[56.165097,15.581032],[56.165137,15.581059],[56.165258,15.581195],[56.165531,15.581427],[56.165721,15.581742],[56.165789,15.581977],[56.16583,15.582572],[56.165811,15.58374],[56.165797,15.584668],[56.16589,15.584669],[56.165995,15.58467],[56.166074,15.584715],[56.166354,15.58473],[56.167056,15.584759],[56.167229,15.584633],[56.167205,15.584351],[56.167216,15.583808]]
[[56.162348,15.582644],[56.162424,15.582416],[56.162479,15.582248],[56.162768,15.581409],[56.162484,15.581143],[56.162293,15.580914],[56.162052,15.580482],[56.161986,15.580309],[56.161909,15.580363],[56.161751,15.58063],[56.161363,15.581638],[56.161147,15.582188],[56.161093,15.582286],[56.16102,15.582326],[56.160849,15.582318],[56.1606,15.582321]]
[[56.162348,15.582644],[56.162424,15.582416],[56.162479,15.582248],[56.162768,15.581409],[56.162484,15.581143],[56.162293,15.580914],[56.162052,15.580482],[56.161986,15.580309],[56.161909,15.580363],[56.161751,15.58063],[56.161363,15.581638],[56.161147,15.582188],[56.161093,15.582286],[56.16102,15.582326],[56.160849,15.582318],[56.160784,15.583087],[56.160678,15.584019]]
[[56.162348,15.582644],[56.162424,15.582416],[56.162479,15.582248],[56.162768,15.581409],[56.162865,15.581454],[56.162973,15.581463],[56.163083,15.581416],[56.163287,15.581294],[56.163792,15.580892],[56.163996,15.580812],[56.164402,15.580771],[56.16465,15.580815],[56.164876,15.5809],[56.165097,15.581032],[56.165137,15.581059],[56.165258,15.581195],[56.165531,15.581427],[56.165721,15.581742],[56.165789,15.581977],[56.16583,15.582572],[56.165811,15.58374],[56.165797,15.584668],[56.16589,15.584669],[56.165909,15.582987],[56.166537,15.582992],[56.166611,15.582989],[56.167235,15.583447],[56.167272,15.583243]]
[[56.162348,15.582644],[56.162424,15.582416],[56.162479,15.582248],[56.162768,15.581409],[56.162484,15.581143],[56.162293,15.580914],[56.162052,15.580482],[56.161986,15.580309],[56.161909,15.580363],[56.161751,15.58063],[56.161363,15.581638],[56.161147,15.582188],[56.161093,15.582286],[56.16102,15.582326],[56.160849,15.582318],[56.160422,15.582324],[56.16032,15.582275],[56.160237,15.582317],[56.1599,15.582278],[56.159904,15.581893]]
[[56.162348,15.582644],[56.162424,15.582416],[56.162479,15.582248],[56.162768,15.581409],[56.162484,15.581143],[56.162293,15.580914],[56.162052,15.580482],[56.161986,15.580309],[56.161889,15.579909],[56.161879,15.579698],[56.16197,15.578532],[56.162046,15.577752]]
[[56.162348,15.582644],[56.162424,15.582416],[56.162479,15.582248],[56.162768,15.581409],[56.162865,15.581454],[56.162973,15.581463],[56.163083,15.581416],[56.163287,15.581294],[56.163792,15.580892],[56.163996,15.580812],[56.164402,15.580771],[56.16465,15.580815],[56.164586,15.581288],[56.164534,15.581857],[56.16484,15.582011],[56.164851,15.582048],[56.164885,15.582159],[56.164993,15.582701],[56.165012,15.583176],[56.165006,15.583748],[56.165001,15.584138],[56.164981,15.584538],[56.165022,15.584753],[56.165089,15.584946],[56.165071,15.585942],[56.16506,15.586367],[56.165042,15.586987],[56.165033,15.587166],[56.164831,15.588503],[56.164779,15.588848],[56.165043,15.588872],[56.165487,15.588892],[56.16554,15.587902],[56.165545,15.587401]]
[[56.162348,15.582644],[56.162424,15.582416],[56.162479,15.582248],[56.162768,15.581409],[56.162484,15.581143],[56.162293,15.580914],[56.162052,15.580482],[56.161986,15.580309],[56.161909,15.580363],[56.161751,15.58063],[56.161363,15.581638],[56.161147,15.582188],[56.161093,15.582286],[56.16102,15.582326],[56.160849,15.582318],[56.160422,15.582324],[56.16032,15.582275],[56.160237,15.582317],[56.160324,15.582357],[56.160383,15.582337]]
[[56.162348,15.582644],[56.162424,15.582416],[56.162479,15.582248],[56.162768,15.581409],[56.162865,15.581454],[56.162973,15.581463],[56.163083,15.581416],[56.163287,15.581294],[56.163792,15.580892],[56.163996,15.580812],[56.164402,15.580771],[56.16465,15.580815],[56.164586,15.581288],[56.164534,15.581857],[56.16484,15.582011],[56.164851,15.582048],[56.164885,15.582159],[56.164993,15.582701],[56.165012,15.583176],[56.165006,15.583748],[56.165079,15.583745],[56.165203,15.583748],[56.165247,15.583751],[56.165364,15.583755],[56.16538,15.583646]]
[[56.162348,15.582644],[56.162424,15.582416],[56.162479,15.582248],[56.162768,15.581409],[56.162484,15.581143],[56.162293,15.580914],[56.162052,15.580482],[56.161986,15.580309],[56.161909,15.580363],[56.161751,15.58063],[56.161363,15.581638],[56.161147,15.582188],[56.161093,15.582286],[56.16102,15.582326],[56.160849,15.582318],[56.160422,15.582324],[56.16032,15.582275],[56.160237,15.582317],[56.1599,15.582278],[56.159321,15.582233],[56.159147,15.582236],[56.158678,15.582216],[56.157644,15.58217],[56.157646,15.582111],[56.157665,15.581571],[56.157668,15.581485]]
[[56.162348,15.582644],[56.162424,15.582416],[56.162479,15.582248],[56.162768,15.581409],[56.162484,15.581143],[56.162293,15.580914],[56.162052,15.580482],[56.161986,15.580309],[56.161889,15.579909],[56.161879,15.579698],[56.16197,15.578532],[56.1623,15.578542]]
[[56.162348,15.582644],[56.162424,15.582416],[56.162479,15.582248],[56.162768,15.581409],[56.162484,15.581143],[56.162293,15.580914],[56.162052,15.580482],[56.161986,15.580309],[56.161909,15.580363],[56.161751,15.58063],[56.161689,15.580534],[56.161664,15.580408],[56.161806,15.578728],[56.161263,15.578738],[56.160693,15.578828],[56.160774,15.578573]]
[[56.162348,15.582644],[56.162424,15.582416],[56.162479,15.582248],[56.162768,15.581409],[56.162484,15.581143],[56.162293,15.580914],[56.162052,15.580482],[56.161986,15.580309],[56.161909,15.580363],[56.161751,15.58063],[56.161363,15.581638],[56.161147,15.582188],[56.161093,15.582286],[56.16102,15.582326],[56.160849,15.582318],[56.160784,15.583087],[56.160668,15.584108],[56.160704,15.584588],[56.160385,15.58489]]
[[56.162348,15.582644],[56.162424,15.582416],[56.162479,15.582248],[56.162768,15.581409],[56.162865,15.581454],[56.162973,15.581463],[56.163083,15.581416],[56.163287,15.581294],[56.163792,15.580892],[56.163996,15.580812],[56.164402,15.580771],[56.16465,15.580815],[56.164586,15.581288],[56.164534,15.581857],[56.16484,15.582011],[56.164851,15.582048],[56.164885,15.582159],[56.164993,15.582701],[56.165012,15.583176],[56.165006,15.583748],[56.165001,15.584138],[56.164981,15.584538],[56.165022,15.584753],[56.165089,15.584946],[56.165081,15.585411]]
[[56.162348,15.582644],[56.162424,15.582416],[56.162479,15.582248],[56.162768,15.581409],[56.162484,15.581143],[56.162293,15.580914],[56.162052,15.580482],[56.161986,15.580309],[56.161889,15.579909],[56.161879,15.579698],[56.16197,15.578532],[56.162555,15.57855],[56.162693,15.578428],[56.162813,15.57761],[56.162814,15.577601]]
[[56.162348,15.582644],[56.162424,15.582416],[56.162479,15.582248],[56.162768,15.581409],[56.162865,15.581454],[56.162973,15.581463],[56.163083,15.581416],[56.163287,15.581294],[56.163792,15.580892],[56.163996,15.580812],[56.164402,15.580771],[56.16465,15.580815],[56.164586,15.581288],[56.164534,15.581857],[56.16484,15.582011],[56.164851,15.582048],[56.164885,15.582159],[56.164993,15.582701],[56.165012,15.583176],[56.165006,15.583748],[56.165001,15.584138],[56.164981,15.584538],[56.165022,15.584753],[56.165089,15.584946],[56.164993,15.584963]]
[[56.162348,15.582644],[56.162424,15.582416],[56.162479,15.582248],[56.162768,15.581409],[56.162484,15.581143],[56.162293,15.580914],[56.162052,15.580482],[56.161986,15.580309],[56.161909,15.580363],[56.161751,15.58063],[56.161363,15.581638],[56.161596,15.581953],[56.161613,15.582037],[56.161594,15.582109]]
[[56.162348,15.582644],[56.162424,15.582416],[56.162479,15.582248],[56.162768,15.581409],[56.162484,15.581143],[56.162293,15.580914],[56.162052,15.580482],[56.161986,15.580309],[56.161889,15.579909],[56.161879,15.579698],[56.16197,15.578532],[56.162132,15.576871],[56.161861,15.576722],[56.16144,15.576559],[56.161249,15.576524],[56.16108,15.576588],[56.160713,15.577211],[56.160205,15.578205],[56.159949,15.578629],[56.159633,15.578804],[56.159438,15.578944],[56.159315,15.579149],[56.15915,15.578957],[56.158819,15.578955],[56.158655,15.578954],[56.158656,15.579214],[56.158657,15.5797]]
[[56.162348,15.582644],[56.162424,15.582416],[56.162479,15.582248],[56.162768,15.581409],[56.162484,15.581143],[56.162293,15.580914],[56.162052,15.580482],[56.161986,15.580309],[56.161889,15.579909],[56.161879,15.579698],[56.16197,15.578532],[56.162132,15.576871],[56.161861,15.576722],[56.16144,15.576559],[56.161249,15.576524],[56.16108,15.576588],[56.160713,15.577211],[56.160205,15.578205],[56.159949,15.578629],[56.159633,15.578804],[56.159438,15.578944],[56.159315,15.579149],[56.15915,15.578957],[56.158819,15.578955],[56.158655,15.578954],[56.158555,15.578959],[56.158474,15.578964],[56.158406,15.578967],[56.1582,15.578979],[56.157856,15.57905],[56.157765,15.579146],[56.157736,15.579732],[56.157717,15.580215]]
[[56.162348,15.582644],[56.162424,15.582416],[56.162479,15.582248],[56.162768,15.581409],[56.162484,15.581143],[56.162293,15.580914],[56.162052,15.580482],[56.161986,15.580309],[56.161909,15.580363],[56.161751,15.58063],[56.161363,15.581638],[56.161147,15.582188],[56.161093,15.582286],[56.16102,15.582326],[56.160849,15.582318],[56.160422,15.582324],[56.16032,15.582275],[56.160237,15.582317],[56.1599,15.582278],[56.159321,15.582233],[56.159147,15.582236],[56.159087,15.583814],[56.159073,15.584983],[56.159071,15.585212],[56.159067,15.585549],[56.158521,15.585493],[56.157557,15.58529],[56.1575,15.58529]]
[[56.162348,15.582644],[56.162424,15.582416],[56.162479,15.582248],[56.162768,15.581409],[56.162484,15.581143],[56.162293,15.580914],[56.162052,15.580482],[56.161986,15.580309],[56.161909,15.580363],[56.161751,15.58063],[56.161363,15.581638],[56.161147,15.582188],[56.161093,15.582286],[56.16102,15.582326],[56.160849,15.582318],[56.160422,15.582324],[56.16032,15.582275],[56.160237,15.582317],[56.1599,15.582278],[56.159321,15.582233],[56.159147,15.582236],[56.159087,15.583814],[56.159254,15.583826],[56.159306,15.582574]]
[[56.162348,15.582644],[56.162424,15.582416],[56.162479,15.582248],[56.162768,15.581409],[56.162865,15.581454],[56.162973,15.581463],[56.163083,15.581416],[56.163287,15.581294],[56.163792,15.580892],[56.163996,15.580812],[56.164402,15.580771],[56.16465,15.580815],[56.164586,15.581288],[56.164534,15.581857],[56.164326,15.583687],[56.164256,15.584551],[56.164224,15.584935],[56.16313,15.584847],[56.163046,15.585034],[56.163029,15.58553],[56.162991,15.586585],[56.16248,15.586533]]
[[56.162348,15.582644],[56.162424,15.582416],[56.162479,15.582248],[56.162768,15.581409],[56.162865,15.581454],[56.162973,15.581463],[56.163083,15.581416],[56.163287,15.581294],[56.163792,15.580892],[56.163996,15.580812],[56.164402,15.580771],[56.16465,15.580815],[56.164876,15.5809],[56.165097,15.581032],[56.165137,15.581059],[56.165258,15.581195],[56.165531,15.581427],[56.165721,15.581742],[56.165789,15.581977],[56.16583,15.582572],[56.165811,15.58374],[56.165797,15.584668],[56.16589,15.584669],[56.165909,15.582987],[56.165914,15.58263],[56.165912,15.581988],[56.16588,15.581804],[56.165816,15.581619],[56.165709,15.581446]]
[[56.162348,15.582644],[56.162424,15.582416],[56.162479,15.582248],[56.162768,15.581409],[56.162484,15.581143],[56.162293,15.580914],[56.162052,15.580482],[56.161986,15.580309],[56.161909,15.580363],[56.161751,15.58063],[56.161689,15.580534],[56.161664,15.580408],[56.161806,15.578728],[56.161399,15.578735]]
[[56.162348,15.582644],[56.162424,15.582416],[56.162479,15.582248],[56.162768,15.581409],[56.162865,15.581454],[56.162973,15.581463],[56.163083,15.581416],[56.163287,15.581294],[56.163792,15.580892],[56.163996,15.580812],[56.164402,15.580771],[56.16465,15.580815],[56.164586,15.581288],[56.164534,15.581857],[56.16484,15.582011],[56.164851,15.582048],[56.164885,15.582159],[56.164993,15.582701],[56.165012,15.583176],[56.165006,15.583748],[56.165001,15.584138],[56.164981,15.584538],[56.165022,15.584753],[56.165089,15.584946],[56.165071,15.585942],[56.165251,15.585957],[56.165434,15.58597],[56.165617,15.585977],[56.165613,15.586201]]
[[56.162348,15.582644],[56.162424,15.582416],[56.162479,15.582248],[56.162768,15.581409],[56.162484,15.581143],[56.162293,15.580914],[56.162052,15.580482],[56.161986,15.580309],[56.161889,15.579909],[56.161879,15.579698],[56.16197,15.578532],[56.162132,15.576871],[56.161861,15.576722],[56.16144,15.576559],[56.161249,15.576524],[56.16108,15.576588],[56.160713,15.577211],[56.160205,15.578205],[56.159949,15.578629],[56.159849,15.578685]]
[[56.162348,15.582644],[56.162424,15.582416],[56.162479,15.582248],[56.162768,15.581409],[56.162865,15.581454],[56.162973,15.581463],[56.163083,15.581416],[56.163287,15.581294],[56.163792,15.580892],[56.163996,15.580812],[56.164402,15.580771],[56.16465,15.580815],[56.164876,15.5809],[56.165097,15.581032],[56.165137,15.581059],[56.165258,15.581195],[56.165531,15.581427],[56.165721,15.581742],[56.165789,15.581977],[56.16583,15.582572],[56.165811,15.58374],[56.165797,15.584668],[56.165785,15.585199]]
[[56.162348,15.582644],[56.162424,15.582416],[56.162479,15.582248],[56.162768,15.581409],[56.162865,15.581454],[56.162973,15.581463],[56.163083,15.581416],[56.163287,15.581294],[56.163792,15.580892],[56.163996,15.580812],[56.164402,15.580771],[56.16465,15.580815]]
[[56.162348,15.582644],[56.162424,15.582416],[56.162479,15.582248],[56.162768,15.581409],[56.162484,15.581143],[56.162293,15.580914],[56.162052,15.580482],[56.161986,15.580309],[56.161889,15.579909],[56.161879,15.579698],[56.16197,15.578532],[56.162555,15.57855],[56.162693,15.578428]]
[[56.162348,15.582644],[56.162204,15.583079],[56.162185,15.583755]]
[[56.162348,15.582644],[56.162424,15.582416],[56.162479,15.582248],[56.162768,15.581409],[56.162484,15.581143],[56.162293,15.580914],[56.162052,15.580482],[56.161986,15.580309],[56.161909,15.580363],[56.161751,15.58063],[56.161363,15.581638],[56.161596,15.581953],[56.161613,15.582037]]
[[56.162348,15.582644],[56.162424,15.582416],[56.162479,15.582248],[56.162768,15.581409],[56.162865,15.581454],[56.162973,15.581463],[56.163083,15.581416],[56.163287,15.581294],[56.163792,15.580892],[56.163996,15.580812],[56.164402,15.580771],[56.16465,15.580815],[56.164876,15.5809],[56.165097,15.581032],[56.165137,15.581059],[56.165258,15.581195],[56.165531,15.581427],[56.165721,15.581742],[56.165789,15.581977],[56.16583,15.582572],[56.165811,15.58374],[56.165797,15.584668],[56.16589,15.584669],[56.165909,15.582987],[56.166537,15.582992],[56.166516,15.582892],[56.166529,15.582336],[56.166556,15.58224]]
[[56.162348,15.582644],[56.162424,15.582416],[56.162479,15.582248],[56.162768,15.581409],[56.162484,15.581143],[56.162293,15.580914],[56.162052,15.580482],[56.161986,15.580309],[56.161909,15.580363],[56.161751,15.58063],[56.161363,15.581638],[56.161147,15.582188],[56.161093,15.582286],[56.16102,15.582326],[56.160849,15.582318],[56.160422,15.582324],[56.16032,15.582275],[56.160237,15.582317],[56.1599,15.582278],[56.159321,15.582233],[56.159147,15.582236],[56.159087,15.583814],[56.157892,15.583591],[56.157919,15.583223],[56.158013,15.583042],[56.158289,15.583077]]
[[56.162348,15.582644],[56.162424,15.582416],[56.162479,15.582248],[56.162768,15.581409],[56.162484,15.581143],[56.162293,15.580914],[56.162052,15.580482],[56.161986,15.580309],[56.161889,15.579909],[56.161879,15.579698],[56.16197,15.578532],[56.162132,15.576871],[56.161861,15.576722],[56.16144,15.576559],[56.161249,15.576524],[56.16108,15.576588],[56.160713,15.577211],[56.160205,15.578205],[56.159949,15.578629],[56.159633,15.578804],[56.159438,15.578944],[56.159315,15.579149],[56.15915,15.578957],[56.158819,15.578955],[56.158655,15.578954],[56.158555,15.578959],[56.158474,15.578964],[56.158406,15.578967],[56.158244,15.578659],[56.158195,15.578629]]
[[56.162348,15.582644],[56.162424,15.582416],[56.162479,15.582248],[56.162768,15.581409],[56.162484,15.581143],[56.162293,15.580914],[56.162052,15.580482],[56.161986,15.580309],[56.161889,15.579909],[56.161879,15.579698],[56.16197,15.578532],[56.162132,15.576871],[56.161861,15.576722],[56.16144,15.576559],[56.161249,15.576524],[56.16108,15.576588],[56.160713,15.577211],[56.160205,15.578205],[56.159949,15.578629],[56.159633,15.578804],[56.159438,15.578944],[56.159315,15.579149],[56.15915,15.578957],[56.158819,15.578955],[56.158655,15.578954],[56.158656,15.579214],[56.15866,15.580965]]
[[56.162348,15.582644],[56.162424,15.582416],[56.162479,15.582248],[56.162768,15.581409],[56.162484,15.581143],[56.162293,15.580914],[56.162052,15.580482],[56.161986,15.580309],[56.161909,15.580363],[56.161751,15.58063],[56.161363,15.581638],[56.161147,15.582188],[56.161093,15.582286],[56.16102,15.582326],[56.160849,15.582318],[56.160422,15.582324],[56.16032,15.582275],[56.160237,15.582317],[56.1599,15.582278],[56.159321,15.582233],[56.159147,15.582236],[56.159087,15.583814],[56.159073,15.584983],[56.159071,15.585212],[56.159067,15.585549],[56.158521,15.585493],[56.158068,15.585397]]
[[56.162348,15.582644],[56.162424,15.582416],[56.162479,15.582248],[56.162768,15.581409],[56.162484,15.581143],[56.162293,15.580914],[56.162052,15.580482],[56.161986,15.580309],[56.161909,15.580363],[56.161751,15.58063],[56.161689,15.580534],[56.161664,15.580408],[56.161806,15.578728],[56.161263,15.578738],[56.160693,15.578828],[56.160453,15.579556]]
[[56.162348,15.582644],[56.162424,15.582416],[56.162479,15.582248],[56.162768,15.581409],[56.162484,15.581143],[56.162293,15.580914],[56.162052,15.580482],[56.161986,15.580309],[56.161909,15.580363],[56.161751,15.58063],[56.161363,15.581638],[56.161147,15.582188],[56.161093,15.582286],[56.16102,15.582326],[56.160849,15.582318],[56.160784,15.583087],[56.160668,15.584108],[56.160704,15.584588],[56.159784,15.585461],[56.159773,15.58627],[56.159767,15.586355],[56.159762,15.58655],[56.159759,15.586604],[56.160807,15.586736],[56.16078,15.587297]]
[[56.162348,15.582644],[56.162424,15.582416],[56.162479,15.582248],[56.162768,15.581409],[56.162484,15.581143],[56.162293,15.580914],[56.162052,15.580482],[56.161986,15.580309],[56.161889,15.579909],[56.161879,15.579698],[56.16197,15.578532],[56.162132,15.576871],[56.161861,15.576722],[56.16144,15.576559],[56.161249,15.576524],[56.16108,15.576588],[56.160713,15.577211],[56.160205,15.578205],[56.159949,15.578629],[56.159633,15.578804],[56.159438,15.578944],[56.159315,15.579149],[56.159253,15.579421],[56.159226,15.579772],[56.159212,15.580301]]
[[56.162348,15.582644],[56.162424,15.582416],[56.162479,15.582248],[56.162768,15.581409],[56.162865,15.581454],[56.162973,15.581463],[56.163083,15.581416],[56.163287,15.581294],[56.163792,15.580892],[56.163996,15.580812],[56.164402,15.580771],[56.16465,15.580815],[56.164586,15.581288],[56.164534,15.581857],[56.164326,15.583687],[56.164256,15.584551],[56.164224,15.584935],[56.16313,15.584847],[56.163046,15.585034],[56.163029,15.58553],[56.162991,15.586585],[56.162362,15.58652],[56.162284,15.586542]]
[[56.162348,15.582644],[56.162204,15.583079],[56.162198,15.583291]]
[[56.162348,15.582644],[56.162424,15.582416],[56.162479,15.582248],[56.162768,15.581409],[56.162484,15.581143],[56.162293,15.580914],[56.162052,15.580482],[56.161986,15.580309],[56.161909,15.580363],[56.161751,15.58063],[56.161363,15.581638],[56.161147,15.582188],[56.161093,15.582286],[56.16102,15.582326],[56.160849,15.582318],[56.160784,15.583087],[56.160668,15.584108],[56.160704,15.584588],[56.159784,15.585461],[56.159822,15.584427]]
[[56.162348,15.582644],[56.162424,15.582416],[56.162479,15.582248],[56.162768,15.581409],[56.162865,15.581454],[56.162973,15.581463],[56.163083,15.581416],[56.163287,15.581294],[56.163792,15.580892],[56.163996,15.580812],[56.164402,15.580771],[56.16465,15.580815],[56.164876,15.5809],[56.165097,15.581032],[56.165137,15.581059],[56.165258,15.581195],[56.165531,15.581427],[56.165721,15.581742],[56.165789,15.581977],[56.16583,15.582572],[56.165811,15.58374],[56.165797,15.584668],[56.16589,15.584669],[56.165909,15.582987],[56.165914,15.58263],[56.165912,15.581988],[56.16588,15.581804],[56.165816,15.581619],[56.165709,15.581446],[56.165488,15.581241]]
[[56.162348,15.582644],[56.162424,15.582416],[56.162479,15.582248],[56.162768,15.581409],[56.162484,15.581143],[56.162293,15.580914],[56.162052,15.580482],[56.161986,15.580309],[56.161889,15.579909],[56.161879,15.579698],[56.16197,15.578532],[56.162555,15.57855],[56.162693,15.578428],[56.162732,15.578162]]
[[56.162348,15.582644],[56.162424,15.582416],[56.162479,15.582248],[56.162768,15.581409],[56.162484,15.581143],[56.162293,15.580914],[56.162052,15.580482],[56.161986,15.580309],[56.161889,15.579909],[56.161879,15.579698],[56.16197,15.578532],[56.162132,15.576871],[56.161861,15.576722],[56.16144,15.576559],[56.161249,15.576524],[56.16108,15.576588],[56.160713,15.577211],[56.160205,15.578205],[56.159949,15.578629],[56.159633,15.578804],[56.159529,15.578879]]
[[56.162348,15.582644],[56.162424,15.582416],[56.162479,15.582248],[56.162768,15.581409],[56.162865,15.581454],[56.162973,15.581463],[56.163083,15.581416],[56.163287,15.581294],[56.163792,15.580892],[56.163996,15.580812],[56.164402,15.580771],[56.16465,15.580815],[56.164876,15.5809],[56.165097,15.581032],[56.165137,15.581059],[56.165258,15.581195],[56.165531,15.581427],[56.165721,15.581742],[56.165789,15.581977],[56.16583,15.582572],[56.165811,15.58374],[56.165797,15.584668],[56.16589,15.584669],[56.165909,15.582987],[56.165914,15.58263],[56.165912,15.581988],[56.16588,15.581804],[56.165816,15.581619],[56.165709,15.581446],[56.165488,15.581241],[56.165368,15.581148]]
[[56.162348,15.582644],[56.162424,15.582416],[56.162479,15.582248],[56.162768,15.581409],[56.162865,15.581454],[56.162973,15.581463],[56.163083,15.581416],[56.163287,15.581294],[56.163792,15.580892],[56.163996,15.580812],[56.164402,15.580771],[56.16465,15.580815],[56.164876,15.5809],[56.165097,15.581032],[56.165137,15.581059],[56.165258,15.581195],[56.165531,15.581427],[56.165721,15.581742],[56.165789,15.581977],[56.16583,15.582572],[56.165811,15.58374],[56.165797,15.584668],[56.16589,15.584669],[56.165909,15.582987],[56.165914,15.58263],[56.165912,15.581988],[56.16588,15.581804],[56.165816,15.581619],[56.165709,15.581446],[56.165573,15.581319]]
[[56.162348,15.582644],[56.162204,15.583079],[56.162185,15.583755],[56.162805,15.583802],[56.162874,15.583737],[56.162939,15.583522],[56.162991,15.583348],[56.163201,15.58334]]
[[56.162348,15.582644],[56.162424,15.582416],[56.162479,15.582248],[56.162768,15.581409],[56.162865,15.581454],[56.162973,15.581463],[56.163083,15.581416],[56.163287,15.581294],[56.163792,15.580892],[56.163996,15.580812],[56.164402,15.580771],[56.16465,15.580815],[56.164586,15.581288],[56.164534,15.581857],[56.164326,15.583687],[56.164256,15.584551],[56.164224,15.584935],[56.16313,15.584847],[56.162176,15.584735],[56.162172,15.584837],[56.161571,15.584814],[56.161553,15.585782],[56.161523,15.587419]]
[[56.162348,15.582644],[56.162424,15.582416],[56.162479,15.582248],[56.162768,15.581409],[56.162484,15.581143],[56.162293,15.580914],[56.162052,15.580482],[56.161986,15.580309],[56.161889,15.579909],[56.161879,15.579698],[56.161904,15.579375]]
[[56.162348,15.582644],[56.162424,15.582416],[56.162479,15.582248],[56.162768,15.581409],[56.162484,15.581143],[56.162293,15.580914],[56.162052,15.580482],[56.161986,15.580309],[56.161909,15.580363],[56.161751,15.58063],[56.161363,15.581638],[56.161147,15.582188],[56.161093,15.582286],[56.16102,15.582326],[56.160849,15.582318],[56.160422,15.582324],[56.16032,15.582275],[56.160237,15.582317],[56.1599,15.582278],[56.159321,15.582233],[56.159147,15.582236],[56.159087,15.583814],[56.159073,15.584983],[56.159071,15.585212],[56.159067,15.585549],[56.159205,15.585532]]
[[56.162348,15.582644],[56.162424,15.582416],[56.162479,15.582248],[56.162768,15.581409],[56.162484,15.581143],[56.162293,15.580914],[56.162052,15.580482],[56.161986,15.580309],[56.161909,15.580363],[56.161751,15.58063],[56.161363,15.581638],[56.161147,15.582188],[56.161093,15.582286],[56.16102,15.582326],[56.160849,15.582318],[56.160422,15.582324],[56.16032,15.582275],[56.160237,15.582317],[56.1599,15.582278],[56.159321,15.582233],[56.159147,15.582236],[56.159087,15.583814],[56.159073,15.584983],[56.158924,15.584991],[56.158936,15.584825],[56.158733,15.584798]]
[[56.162348,15.582644],[56.162424,15.582416],[56.162479,15.582248],[56.162768,15.581409],[56.162484,15.581143],[56.162293,15.580914],[56.162052,15.580482],[56.161986,15.580309],[56.161909,15.580363],[56.161751,15.58063],[56.161363,15.581638],[56.161147,15.582188],[56.161093,15.582286],[56.16102,15.582326],[56.160849,15.582318],[56.160422,15.582324],[56.16032,15.582275],[56.160237,15.582317],[56.1599,15.582278],[56.159321,15.582233],[56.159342,15.581203],[56.159362,15.580794]]
[[56.162348,15.582644],[56.162424,15.582416],[56.162479,15.582248],[56.162768,15.581409],[56.162484,15.581143],[56.162293,15.580914],[56.162052,15.580482],[56.161986,15.580309],[56.161909,15.580363],[56.161751,15.58063],[56.161363,15.581638],[56.161596,15.581953],[56.161613,15.582037]]
[[56.162348,15.582644],[56.162424,15.582416],[56.162479,15.582248],[56.162768,15.581409],[56.162484,15.581143],[56.162293,15.580914],[56.162052,15.580482],[56.161986,15.580309],[56.161889,15.579909],[56.161879,15.579698],[56.16197,15.578532],[56.162132,15.576871],[56.161861,15.576722],[56.16144,15.576559],[56.161249,15.576524],[56.16108,15.576588],[56.160713,15.577211],[56.160205,15.578205],[56.159949,15.578629],[56.15998,15.578872],[56.159949,15.579933]]
[[56.162348,15.582644],[56.162424,15.582416],[56.162479,15.582248],[56.162768,15.581409],[56.162484,15.581143],[56.162293,15.580914],[56.162052,15.580482],[56.161986,15.580309],[56.161909,15.580363],[56.161751,15.58063],[56.161363,15.581638],[56.161147,15.582188],[56.161093,15.582286],[56.16102,15.582326],[56.160849,15.582318],[56.160422,15.582324],[56.16032,15.582275],[56.160237,15.582317],[56.160324,15.582357],[56.160393,15.582333]]
[[56.162348,15.582644],[56.162424,15.582416],[56.162479,15.582248],[56.162768,15.581409],[56.162865,15.581454],[56.162973,15.581463],[56.163083,15.581416],[56.163287,15.581294],[56.163792,15.580892]]
[[56.162348,15.582644],[56.162424,15.582416],[56.162479,15.582248],[56.162768,15.581409],[56.162484,15.581143],[56.162293,15.580914],[56.162052,15.580482],[56.161986,15.580309],[56.161889,15.579909],[56.161879,15.579698],[56.16197,15.578532],[56.162397,15.578545]]
[[56.162348,15.582644],[56.162424,15.582416],[56.162479,15.582248],[56.162768,15.581409],[56.162865,15.581454],[56.162973,15.581463],[56.163083,15.581416],[56.163287,15.581294],[56.163792,15.580892],[56.163996,15.580812],[56.164402,15.580771],[56.16465,15.580815],[56.164586,15.581288],[56.164534,15.581857],[56.164326,15.583687],[56.164256,15.584551],[56.164224,15.584935],[56.163204,15.584853]]
[[56.162348,15.582644],[56.162424,15.582416],[56.162479,15.582248],[56.162768,15.581409],[56.162865,15.581454],[56.162973,15.581463],[56.163083,15.581416],[56.163287,15.581294],[56.163792,15.580892],[56.163996,15.580812],[56.164402,15.580771],[56.16465,15.580815],[56.164876,15.5809],[56.165097,15.581032],[56.165137,15.581059],[56.165258,15.581195],[56.165531,15.581427],[56.165721,15.581742],[56.165789,15.581977],[56.16583,15.582572],[56.165811,15.58374],[56.165797,15.584668],[56.16589,15.584669],[56.165909,15.582987],[56.165914,15.58263],[56.165912,15.581988],[56.16588,15.581804],[56.165816,15.581619],[56.165774,15.581552]]
[[56.162348,15.582644],[56.162424,15.582416],[56.162479,15.582248],[56.162768,15.581409],[56.162865,15.581454],[56.162973,15.581463],[56.163083,15.581416],[56.163287,15.581294],[56.163792,15.580892],[56.163996,15.580812],[56.164402,15.580771],[56.16465,15.580815],[56.164586,15.581288],[56.164534,15.581857],[56.164496,15.581846]]
[[56.162348,15.582644],[56.162424,15.582416],[56.162479,15.582248],[56.162768,15.581409],[56.162484,15.581143],[56.162293,15.580914],[56.162052,15.580482],[56.161986,15.580309],[56.161909,15.580363],[56.161751,15.58063],[56.161363,15.581638],[56.161147,15.582188],[56.161093,15.582286],[56.16102,15.582326],[56.160849,15.582318],[56.160784,15.583087],[56.160668,15.584108],[56.159839,15.583992],[56.159305,15.58384]]
[[56.162348,15.582644],[56.162424,15.582416],[56.162479,15.582248],[56.162768,15.581409],[56.162865,15.581454],[56.162973,15.581463],[56.163083,15.581416],[56.163287,15.581294],[56.163792,15.580892],[56.163996,15.580812],[56.164402,15.580771],[56.16465,15.580815],[56.164586,15.581288],[56.164534,15.581857],[56.164326,15.583687],[56.164256,15.584551],[56.164224,15.584935],[56.163905,15.584909]]
[[56.162348,15.582644],[56.162424,15.582416],[56.162479,15.582248],[56.162768,15.581409],[56.162865,15.581454],[56.162973,15.581463],[56.163083,15.581416],[56.163287,15.581294],[56.163792,15.580892],[56.163996,15.580812],[56.164402,15.580771],[56.16465,15.580815],[56.164586,15.581288],[56.164534,15.581857],[56.164326,15.583687],[56.164256,15.584551],[56.164224,15.584935],[56.16313,15.584847],[56.162176,15.584735],[56.162172,15.584837],[56.161571,15.584814],[56.161553,15.585782],[56.161544,15.586279]]
[[56.162348,15.582644],[56.162424,15.582416],[56.162479,15.582248],[56.162768,15.581409],[56.162865,15.581454],[56.162973,15.581463],[56.163083,15.581416],[56.163287,15.581294],[56.163792,15.580892],[56.163996,15.580812],[56.164402,15.580771],[56.16465,15.580815],[56.164876,15.5809],[56.165097,15.581032],[56.165137,15.581059],[56.165258,15.581195],[56.165531,15.581427],[56.165721,15.581742],[56.165789,15.581977],[56.16583,15.582572],[56.165811,15.58374],[56.165797,15.584668],[56.16589,15.584669],[56.165909,15.582987],[56.166537,15.582992],[56.166611,15.582989],[56.166927,15.583221]]
[[56.162348,15.582644],[56.162424,15.582416],[56.162479,15.582248],[56.162768,15.581409],[56.162484,15.581143],[56.162293,15.580914],[56.162052,15.580482],[56.161986,15.580309],[56.161909,15.580363],[56.161751,15.58063],[56.161363,15.581638],[56.161147,15.582188],[56.161093,15.582286],[56.16102,15.582326],[56.160849,15.582318],[56.160422,15.582324],[56.16032,15.582275],[56.160237,15.582317],[56.1599,15.582278],[56.159803,15.582271]]
[[56.162348,15.582644],[56.162424,15.582416],[56.162479,15.582248],[56.162768,15.581409],[56.162484,15.581143],[56.162293,15.580914],[56.162052,15.580482],[56.161986,15.580309],[56.161909,15.580363],[56.161751,15.58063],[56.161363,15.581638],[56.161147,15.582188],[56.161093,15.582286],[56.16102,15.582326],[56.160849,15.582318],[56.160784,15.583087],[56.160668,15.584108],[56.160704,15.584588],[56.159784,15.585461],[56.159773,15.58627],[56.159767,15.586355],[56.159762,15.58655],[56.159759,15.586604],[56.160807,15.586736],[56.160833,15.586398],[56.160195,15.586321]]
[[56.162348,15.582644],[56.162424,15.582416],[56.162479,15.582248],[56.162768,15.581409],[56.162865,15.581454],[56.162973,15.581463],[56.163083,15.581416],[56.163287,15.581294],[56.163792,15.580892],[56.163996,15.580812],[56.164402,15.580771],[56.16465,15.580815],[56.164876,15.5809],[56.165097,15.581032],[56.165137,15.581059],[56.165258,15.581195],[56.165531,15.581427],[56.165721,15.581742],[56.165789,15.581977],[56.16583,15.582572],[56.165811,15.58374],[56.165797,15.584668],[56.165617,15.584696],[56.165603,15.584695]]
[[56.162348,15.582644],[56.162424,15.582416],[56.162479,15.582248],[56.162768,15.581409],[56.162865,15.581454],[56.162973,15.581463],[56.163083,15.581416],[56.163287,15.581294],[56.163792,15.580892],[56.163996,15.580812],[56.164402,15.580771]]
[[56.162348,15.582644],[56.162424,15.582416],[56.162479,15.582248],[56.162768,15.581409],[56.162484,15.581143],[56.162293,15.580914],[56.162052,15.580482],[56.161986,15.580309],[56.161909,15.580363],[56.161751,15.58063],[56.161689,15.580534],[56.161664,15.580408],[56.161806,15.578728],[56.161263,15.578738],[56.160693,15.578828],[56.160918,15.578118]]
[[56.162348,15.582644],[56.162424,15.582416],[56.162479,15.582248],[56.162768,15.581409],[56.162484,15.581143],[56.162293,15.580914],[56.162052,15.580482],[56.161986,15.580309],[56.161909,15.580363],[56.161751,15.58063],[56.161363,15.581638],[56.161147,15.582188],[56.161093,15.582286],[56.16102,15.582326],[56.160849,15.582318],[56.160422,15.582324],[56.16032,15.582275],[56.160237,15.582317],[56.1599,15.582278],[56.159321,15.582233],[56.159147,15.582236],[56.159087,15.583814],[56.159073,15.584983],[56.159071,15.585212],[56.159067,15.585549],[56.158521,15.585493],[56.158252,15.585436]]
