[[56.160658,15.589488],[56.160643,15.590062],[56.160603,15.591544],[56.161039,15.591553],[56.162013,15.591559],[56.16257,15.591537],[56.163342,15.591551],[56.163545,15.591555],[56.163826,15.588795],[56.164779,15.588848],[56.164831,15.588503],[56.165033,15.587166],[56.165042,15.586987],[56.16506,15.586367],[56.165071,15.585942],[56.165089,15.584946],[56.164986,15.584964],[56.164224,15.584935],[56.163408,15.584869]]
[[56.160658,15.589488],[56.160643,15.590062],[56.160603,15.591544],[56.161039,15.591553],[56.162013,15.591559],[56.162301,15.591547]]
[[56.160658,15.589488],[56.160671,15.58899],[56.160715,15.58869],[56.160807,15.586736],[56.160833,15.586398],[56.160583,15.586368]]
[[56.160658,15.589488],[56.160671,15.58899],[56.160715,15.58869],[56.160306,15.588236],[56.159975,15.587846],[56.15973,15.587565],[56.159759,15.586604],[56.159762,15.58655],[56.159767,15.586355],[56.159773,15.58627],[56.159784,15.585461],[56.159067,15.585549],[56.158521,15.585493],[56.157557,15.58529],[56.157239,15.585295],[56.156586,15.585223]]
[[56.160658,15.589488],[56.160643,15.590062],[56.160603,15.591544],[56.161039,15.591553],[56.162013,15.591559],[56.162002,15.592646],[56.162003,15.592898]]
[[56.160658,15.589488],[56.160643,15.590062],[56.160603,15.591544],[56.160409,15.591537],[56.159939,15.59153],[56.15987,15.591529],[56.15959,15.591523],[56.158972,15.59151],[56.158816,15.591507],[56.158529,15.591519],[56.157926,15.591545],[56.157851,15.593005],[56.157793,15.593462],[56.157596,15.59387]]
[[56.160658,15.589488],[56.160643,15.590062],[56.160603,15.591544],[56.161039,15.591553],[56.162013,15.591559],[56.16257,15.591537],[56.163342,15.591551],[56.163545,15.591555],[56.164355,15.591494],[56.164658,15.591439],[56.164671,15.591292]]
[[56.160658,15.589488],[56.160643,15.590062],[56.160603,15.591544],[56.161039,15.591553],[56.162013,15.591559],[56.16257,15.591537],[56.163342,15.591551],[56.163545,15.591555],[56.163826,15.588795],[56.164016,15.586921],[56.164187,15.586932]]
[[56.160658,15.589488],[56.160671,15.58899],[56.160715,15.58869],[56.160306,15.588236],[56.159975,15.587846],[56.15973,15.587565],[56.159759,15.586604],[56.159762,15.58655],[56.159767,15.586355],[56.159773,15.58627],[56.159784,15.585461],[56.159067,15.585549],[56.158521,15.585493],[56.158481,15.586057],[56.158458,15.586243]]
[[56.160658,15.589488],[56.160671,15.58899],[56.160715,15.58869],[56.160852,15.588865],[56.160949,15.588955],[56.161103,15.589046],[56.161283,15.58891],[56.1615,15.588692],[56.162011,15.58871]]
[[56.160658,15.589488],[56.160643,15.590062],[56.160603,15.591544],[56.160409,15.591537],[56.159939,15.59153],[56.15987,15.591529],[56.15959,15.591523],[56.158972,15.59151],[56.158816,15.591507],[56.158529,15.591519],[56.157926,15.591545],[56.157899,15.592083]]
[[56.160658,15.589488],[56.160671,15.58899],[56.160715,15.58869],[56.160306,15.588236],[56.159975,15.587846],[56.15973,15.587565],[56.159759,15.586604],[56.159762,15.58655],[56.159767,15.586355],[56.159773,15.58627],[56.159784,15.585461],[56.159067,15.585549],[56.158521,15.585493],[56.157557,15.58529],[56.157239,15.585295],[56.157213,15.585626],[56.157049,15.585614],[56.156898,15.585606],[56.156879,15.586486]]
[[56.160658,15.589488],[56.160643,15.590062],[56.160603,15.591544],[56.161039,15.591553],[56.162013,15.591559],[56.16257,15.591537],[56.163001,15.591545]]
[[56.160658,15.589488],[56.160643,15.590062],[56.160603,15.591544],[56.160898,15.59155]]
[[56.160658,15.589488],[56.160643,15.590062],[56.160603,15.591544],[56.160409,15.591537],[56.159939,15.59153],[56.15987,15.591529],[56.15959,15.591523],[56.159474,15.593439],[56.15902,15.593353]]
[[56.160658,15.589488],[56.160671,15.58899],[56.160715,15.58869],[56.160306,15.588236],[56.159975,15.587846],[56.15973,15.587565],[56.159759,15.586604],[56.159762,15.58655],[56.159767,15.586355],[56.159773,15.58627],[56.159784,15.585461],[56.159067,15.585549],[56.159071,15.585212],[56.159073,15.584983],[56.159087,15.583814],[56.158348,15.583676]]
[[56.160658,15.589488],[56.160643,15.590062],[56.160603,15.591544],[56.161039,15.591553],[56.162013,15.591559],[56.16257,15.591537],[56.163342,15.591551],[56.163545,15.591555],[56.163826,15.588795],[56.164779,15.588848],[56.164519,15.590175],[56.164446,15.590758]]
[[56.160658,15.589488],[56.160671,15.58899],[56.160715,15.58869],[56.160306,15.588236],[56.159975,15.587846],[56.15973,15.587565],[56.159759,15.586604],[56.159762,15.58655],[56.159767,15.586355],[56.159773,15.58627],[56.159784,15.585461],[56.159067,15.585549],[56.158521,15.585493],[56.158481,15.586057],[56.158462,15.586205]]
[[56.160658,15.589488],[56.160643,15.590062],[56.160603,15.591544],[56.161039,15.591553],[56.162013,15.591559],[56.162102,15.591555]]
[[56.160658,15.589488],[56.160643,15.590062],[56.160603,15.591544],[56.160409,15.591537],[56.159939,15.59153],[56.15987,15.591529],[56.15959,15.591523],[56.159474,15.593439],[56.158914,15.593333],[56.158957,15.591975]]
[[56.160658,15.589488],[56.160671,15.58899],[56.160715,15.58869],[56.160306,15.588236],[56.159975,15.587846],[56.15973,15.587565],[56.159759,15.586604],[56.159762,15.58655],[56.159767,15.586355],[56.159773,15.58627],[56.159784,15.585461],[56.159067,15.585549],[56.158521,15.585493],[56.157557,15.58529],[56.157239,15.585295],[56.157213,15.585626],[56.157049,15.585614],[56.156898,15.585606],[56.156879,15.586486]]
[[56.160658,15.589488],[56.160643,15.590062],[56.160603,15.591544],[56.161039,15.591553],[56.162013,15.591559],[56.16257,15.591537],[56.163342,15.591551],[56.163545,15.591555],[56.163419,15.592771],[56.163347,15.593657],[56.163329,15.593935],[56.163293,15.594236]]
[[56.160658,15.589488],[56.160671,15.58899],[56.160715,15.58869],[56.160306,15.588236],[56.159975,15.587846],[56.15973,15.587565],[56.159759,15.586604],[56.159762,15.58655],[56.159767,15.586355],[56.159773,15.58627],[56.159784,15.585461],[56.159067,15.585549],[56.158521,15.585493],[56.158499,15.5858]]
[[56.160658,15.589488],[56.160671,15.58899],[56.160715,15.58869],[56.160306,15.588236],[56.159975,15.587846],[56.15973,15.587565],[56.159759,15.586604],[56.159762,15.58655],[56.159767,15.586355],[56.159773,15.58627],[56.159784,15.585461],[56.159067,15.585549],[56.158521,15.585493],[56.157557,15.58529],[56.157239,15.585295],[56.157213,15.585626],[56.157049,15.585614],[56.156898,15.585606],[56.156879,15.586486]]
[[56.160658,15.589488],[56.160643,15.590062],[56.160603,15.591544],[56.161039,15.591553],[56.162013,15.591559],[56.16257,15.591537],[56.163342,15.591551],[56.163545,15.591555],[56.163826,15.588795],[56.164016,15.586921],[56.163032,15.58681],[56.162991,15.586729],[56.162991,15.586585],[56.162362,15.58652],[56.162284,15.586542],[56.162245,15.586588],[56.162241,15.586738],[56.162279,15.586775],[56.162498,15.586792]]
[[56.160658,15.589488],[56.160643,15.590062],[56.160603,15.591544],[56.161039,15.591553],[56.162013,15.591559],[56.16257,15.591537],[56.162575,15.590439],[56.162582,15.589607]]
[[56.160658,15.589488],[56.160671,15.58899],[56.160715,15.58869],[56.160306,15.588236],[56.159975,15.587846],[56.15973,15.587565],[56.159759,15.586604],[56.159762,15.58655],[56.159767,15.586355],[56.159773,15.58627],[56.159784,15.585461],[56.159067,15.585549],[56.158521,15.585493],[56.157557,15.58529],[56.157239,15.585295],[56.157213,15.585626],[56.157186,15.585971]]
[[56.160658,15.589488],[56.160643,15.590062],[56.160603,15.591544],[56.161039,15.591553],[56.162013,15.591559],[56.16257,15.591537],[56.163342,15.591551],[56.163545,15.591555],[56.163826,15.588795],[56.164779,15.588848],[56.164519,15.590175],[56.16447,15.590568]]
[[56.160658,15.589488],[56.160643,15.590062],[56.160603,15.591544],[56.160409,15.591537],[56.159939,15.59153],[56.15987,15.591529],[56.15959,15.591523],[56.158972,15.59151],[56.158816,15.591507],[56.158529,15.591519],[56.157926,15.591545],[56.157851,15.593005],[56.157793,15.593462],[56.157596,15.59387]]
[[56.160658,15.589488],[56.160643,15.590062],[56.160603,15.591544],[56.161039,15.591553],[56.162013,15.591559],[56.16257,15.591537],[56.162575,15.590439],[56.162582,15.589554],[56.162583,15.588729],[56.16261,15.587978],[56.162557,15.587978]]
[[56.160658,15.589488],[56.160643,15.590062],[56.160603,15.591544],[56.161039,15.591553],[56.162013,15.591559],[56.16257,15.591537],[56.163342,15.591551],[56.163545,15.591555],[56.163826,15.588795],[56.164779,15.588848],[56.164831,15.588503],[56.165033,15.587166],[56.165042,15.586987],[56.165042,15.586985]]
[[56.160658,15.589488],[56.160671,15.58899],[56.160715,15.58869],[56.160306,15.588236],[56.159975,15.587846],[56.15973,15.587565],[56.159759,15.586604],[56.159762,15.58655],[56.159767,15.586355],[56.159773,15.58627],[56.159784,15.585461],[56.159067,15.585549],[56.158521,15.585493],[56.158481,15.586057],[56.158418,15.586562],[56.158413,15.586584]]
[[56.160658,15.589488],[56.160671,15.58899],[56.160715,15.58869],[56.160306,15.588236],[56.159975,15.587846],[56.15973,15.587565],[56.159759,15.586604],[56.159762,15.58655],[56.159767,15.586355],[56.159773,15.58627],[56.159784,15.585461],[56.159067,15.585549],[56.159071,15.585212],[56.159073,15.584983],[56.158924,15.584991],[56.158906,15.58514],[56.158812,15.58512]]
[[56.160658,15.589488],[56.160643,15.590062],[56.160603,15.591544],[56.160409,15.591537],[56.159939,15.59153],[56.15987,15.591529],[56.15959,15.591523],[56.158972,15.59151],[56.158816,15.591507],[56.158529,15.591519],[56.157926,15.591545],[56.157939,15.591185],[56.157079,15.591022]]
[[56.160658,15.589488],[56.160643,15.590062],[56.160603,15.591544],[56.160409,15.591537],[56.159939,15.59153],[56.15987,15.591529],[56.15959,15.591523],[56.158972,15.59151],[56.158816,15.591507],[56.158529,15.591519],[56.157926,15.591545],[56.157939,15.591185],[56.157955,15.590987],[56.158064,15.589653],[56.158077,15.589433]]
[[56.160658,15.589488],[56.160671,15.58899],[56.160715,15.58869],[56.160807,15.586736],[56.160833,15.586398],[56.160866,15.586068],[56.160866,15.5859]]
[[56.160658,15.589488],[56.160643,15.590062],[56.160603,15.591544],[56.161039,15.591553],[56.162013,15.591559],[56.16257,15.591537],[56.163342,15.591551],[56.163545,15.591555],[56.163826,15.588795],[56.164779,15.588848],[56.164831,15.588503],[56.164756,15.588453],[56.164641,15.588383],[56.16459,15.588343]]
[[56.160658,15.589488],[56.160671,15.58899],[56.160715,15.58869],[56.160306,15.588236],[56.159975,15.587846],[56.15973,15.587565],[56.159759,15.586604],[56.159762,15.58655],[56.159767,15.586355],[56.159773,15.58627],[56.159784,15.585461],[56.159067,15.585549],[56.159041,15.58625],[56.159037,15.586381]]
[[56.160658,15.589488],[56.160643,15.590062],[56.160603,15.591544],[56.161039,15.591553],[56.162013,15.591559],[56.162002,15.592646],[56.162004,15.59361],[56.16169,15.59359]]
[[56.160658,15.589488],[56.160643,15.590062],[56.160603,15.591544],[56.161039,15.591553],[56.162013,15.591559],[56.16257,15.591537],[56.163342,15.591551],[56.163545,15.591555],[56.163826,15.588795],[56.164016,15.586921],[56.164299,15.586939]]
[[56.160658,15.589488],[56.160671,15.58899],[56.160715,15.58869],[56.160306,15.588236],[56.159975,15.587846],[56.15973,15.587565],[56.159759,15.586604],[56.159762,15.58655],[56.159767,15.586355],[56.159773,15.58627],[56.159784,15.585461],[56.159067,15.585549],[56.158521,15.585493],[56.157557,15.58529],[56.157239,15.585295],[56.157213,15.585626],[56.157049,15.585614],[56.156898,15.585606],[56.156879,15.586486]]
[[56.160658,15.589488],[56.160671,15.58899],[56.160715,15.58869],[56.160852,15.588865],[56.160949,15.588955],[56.161103,15.589046],[56.161085,15.589766]]
[[56.160658,15.589488],[56.160643,15.590062],[56.160603,15.591544],[56.161039,15.591553],[56.162013,15.591559],[56.16257,15.591537],[56.163342,15.591551],[56.163545,15.591555],[56.163826,15.588795],[56.164016,15.586921],[56.163032,15.58681],[56.162991,15.586729],[56.162991,15.586585],[56.163029,15.58553],[56.163046,15.585034],[56.16313,15.584847],[56.163308,15.584861]]
[[56.160658,15.589488],[56.160643,15.590062],[56.160603,15.591544],[56.160409,15.591537],[56.159939,15.59153],[56.15987,15.591529],[56.15959,15.591523],[56.158972,15.59151],[56.158816,15.591507],[56.158846,15.591798],[56.158817,15.592712]]
[[56.160658,15.589488],[56.160643,15.590062],[56.160603,15.591544],[56.161039,15.591553],[56.162013,15.591559],[56.16257,15.591537],[56.162575,15.590439],[56.162582,15.589554],[56.162583,15.588729],[56.162397,15.588723]]
[[56.160658,15.589488],[56.160643,15.590062],[56.160603,15.591544],[56.161039,15.591553],[56.161998,15.591559]]
[[56.160658,15.589488],[56.160643,15.590062],[56.160603,15.591544],[56.160409,15.591537],[56.159939,15.59153],[56.15987,15.591529],[56.15959,15.591523],[56.158972,15.59151],[56.159084,15.587916],[56.159067,15.587597],[56.159,15.58737],[56.158641,15.587281],[56.158277,15.587173],[56.158221,15.587104],[56.15785,15.586939]]
[[56.160658,15.589488],[56.160643,15.590062],[56.160603,15.591544],[56.161039,15.591553],[56.162013,15.591559],[56.16257,15.591537],[56.163342,15.591551],[56.163545,15.591555],[56.163826,15.588795],[56.164016,15.586921],[56.163032,15.58681],[56.162991,15.586729],[56.162991,15.586585],[56.163029,15.58553],[56.163046,15.585034],[56.16313,15.584847],[56.162176,15.584735],[56.162172,15.584837],[56.162175,15.584874]]
[[56.160658,15.589488],[56.160643,15.590062],[56.160603,15.591544],[56.161039,15.591553],[56.162013,15.591559],[56.16257,15.591537],[56.163342,15.591551],[56.163545,15.591555],[56.163826,15.588795],[56.164016,15.586921],[56.164197,15.586933]]
[[56.160658,15.589488],[56.160643,15.590062],[56.160603,15.591544],[56.160409,15.591537],[56.159939,15.59153],[56.15987,15.591529],[56.15959,15.591523],[56.158972,15.59151],[56.158816,15.591507],[56.158529,15.591519],[56.157926,15.591545],[56.157939,15.591185],[56.157079,15.591022],[56.156918,15.591272],[56.156713,15.591631]]
[[56.160658,15.589488],[56.160671,15.58899],[56.160715,15.58869],[56.160807,15.586736],[56.160833,15.586398],[56.160866,15.586068],[56.160866,15.58572],[56.161301,15.58576]]
[[56.160658,15.589488],[56.160643,15.590062],[56.160603,15.591544],[56.161039,15.591553],[56.162013,15.591559],[56.16257,15.591537],[56.163342,15.591551],[56.163545,15.591555],[56.163826,15.588795],[56.164016,15.586921],[56.163032,15.58681],[56.162991,15.586729],[56.162991,15.586585],[56.162362,15.58652],[56.162284,15.586542],[56.162245,15.586588],[56.162241,15.586738]]
[[56.160658,15.589488],[56.160643,15.590062],[56.160603,15.591544],[56.161039,15.591553],[56.162013,15.591559],[56.16257,15.591537],[56.163342,15.591551],[56.163545,15.591555],[56.163826,15.588795],[56.164016,15.586921],[56.163032,15.58681],[56.162991,15.586729],[56.162991,15.586585],[56.163014,15.585936]]
[[56.160658,15.589488],[56.160643,15.590062],[56.160603,15.591544],[56.160409,15.591537],[56.159939,15.59153],[56.15987,15.591529],[56.15959,15.591523],[56.158972,15.59151],[56.159084,15.587916],[56.159067,15.587597],[56.159,15.58737],[56.158641,15.587281],[56.158277,15.587173],[56.158221,15.587104],[56.157973,15.586994]]
[[56.160658,15.589488],[56.160643,15.590062],[56.160603,15.591544],[56.161039,15.591553],[56.162013,15.591559],[56.162002,15.592646],[56.162003,15.592697]]
[[56.160658,15.589488],[56.160643,15.590062],[56.160603,15.591544],[56.161039,15.591553],[56.162013,15.591559],[56.16257,15.591537],[56.163342,15.591551],[56.163545,15.591555],[56.163826,15.588795],[56.164779,15.588848],[56.164831,15.588503],[56.165033,15.587166],[56.165042,15.586987],[56.16506,15.586367],[56.165071,15.585942],[56.165251,15.585957],[56.165434,15.58597],[56.1655,15.585972]]
[[56.160658,15.589488],[56.160643,15.590062],[56.160603,15.591544],[56.161039,15.591553],[56.162013,15.591559],[56.16257,15.591537],[56.163342,15.591551],[56.163545,15.591555],[56.164355,15.591494],[56.164658,15.591439],[56.165287,15.591432],[56.165433,15.591434],[56.165851,15.591438],[56.165965,15.59151],[56.166074,15.591623],[56.165953,15.591836],[56.165855,15.59201],[56.165776,15.592148],[56.165753,15.592227],[56.165736,15.592288],[56.165501,15.59229]]
[[56.160658,15.589488],[56.160671,15.58899],[56.160715,15.58869],[56.160306,15.588236],[56.160223,15.588138]]
[[56.160658,15.589488],[56.160643,15.590062],[56.160603,15.591544],[56.161039,15.591553],[56.162013,15.591559],[56.16257,15.591537],[56.163342,15.591551],[56.163545,15.591555],[56.163826,15.588795],[56.164779,15.588848],[56.164519,15.590175],[56.164411,15.591044]]
[[56.160658,15.589488],[56.160671,15.58899],[56.160715,15.58869],[56.160306,15.588236],[56.16012,15.588018]]
[[56.160658,15.589488],[56.160643,15.590062],[56.160603,15.591544],[56.161039,15.591553],[56.162013,15.591559],[56.16257,15.591537],[56.163342,15.591551],[56.163545,15.591555],[56.164355,15.591494],[56.164658,15.591439],[56.165287,15.591432],[56.165433,15.591434],[56.165851,15.591438],[56.165965,15.59151],[56.166074,15.591623],[56.165953,15.591836],[56.165855,15.59201],[56.165776,15.592148],[56.165753,15.592227],[56.165736,15.592288],[56.165656,15.59256],[56.165547,15.592931],[56.165591,15.592877]]
[[56.160658,15.589488],[56.160643,15.590062],[56.160603,15.591544],[56.160409,15.591537],[56.159939,15.59153],[56.15987,15.591529],[56.15959,15.591523],[56.158972,15.59151],[56.159084,15.587916],[56.159067,15.587597],[56.159,15.58737],[56.158641,15.587281],[56.158277,15.587173],[56.158218,15.587293],[56.158188,15.587518],[56.158136,15.588411],[56.158199,15.588417]]
[[56.160658,15.589488],[56.160643,15.590062],[56.160603,15.591544],[56.160409,15.591537],[56.159939,15.59153],[56.15987,15.591529],[56.15959,15.591523],[56.158972,15.59151],[56.159084,15.587916],[56.159067,15.587597],[56.159,15.58737],[56.158641,15.587281],[56.158277,15.587173],[56.158218,15.587293],[56.158188,15.587518],[56.158136,15.588411],[56.15836,15.588433],[56.158408,15.587702]]
[[56.160658,15.589488],[56.160643,15.590062],[56.160603,15.591544],[56.161039,15.591553],[56.162013,15.591559],[56.16257,15.591537],[56.163342,15.591551],[56.163545,15.591555],[56.163826,15.588795],[56.164779,15.588848],[56.164831,15.588503],[56.165033,15.587166],[56.165042,15.586987],[56.16506,15.586367],[56.165071,15.585942],[56.165089,15.584946],[56.164986,15.584964],[56.164603,15.584949]]
[[56.160658,15.589488],[56.160643,15.590062],[56.160603,15.591544],[56.161039,15.591553],[56.161045,15.591304]]
[[56.160658,15.589488],[56.160643,15.590062],[56.160603,15.591544],[56.160409,15.591537],[56.159939,15.59153],[56.15987,15.591529],[56.15959,15.591523],[56.158972,15.59151],[56.158816,15.591507],[56.158529,15.591519],[56.157926,15.591545],[56.157939,15.591185],[56.157079,15.591022],[56.156918,15.591272],[56.156913,15.59152]]
[[56.160658,15.589488],[56.160671,15.58899],[56.160715,15.58869],[56.160306,15.588236],[56.159975,15.587846],[56.15973,15.587565],[56.159759,15.586604],[56.159762,15.58655],[56.159767,15.586355],[56.159773,15.58627],[56.159784,15.585461],[56.159067,15.585549],[56.159071,15.585212],[56.159098,15.58519]]
[[56.160658,15.589488],[56.160671,15.58899],[56.160715,15.58869],[56.160306,15.588236],[56.159975,15.587846],[56.15973,15.587565],[56.159759,15.586604],[56.159762,15.58655],[56.159767,15.586355],[56.159773,15.58627],[56.159784,15.585461],[56.159067,15.585549],[56.158521,15.585493],[56.157557,15.58529],[56.157239,15.585295],[56.157213,15.585626],[56.157049,15.585614],[56.156898,15.585606],[56.156879,15.586486]]
[[56.160658,15.589488],[56.160671,15.58899],[56.160715,15.58869],[56.160801,15.586855]]
[[56.160658,15.589488],[56.160671,15.58899],[56.160715,15.58869],[56.160306,15.588236],[56.159975,15.587846],[56.15973,15.587565],[56.159759,15.586604],[56.159762,15.58655],[56.159767,15.586355],[56.159773,15.58627],[56.159784,15.585461],[56.159067,15.585549],[56.158521,15.585493],[56.157557,15.58529],[56.157239,15.585295],[56.156891,15.585256]]
[[56.160658,15.589488],[56.160671,15.58899],[56.160715,15.58869],[56.160306,15.588236],[56.159975,15.587846],[56.15973,15.587565],[56.159759,15.586604],[56.159762,15.58655],[56.159767,15.586355],[56.159773,15.58627],[56.159784,15.585461],[56.159067,15.585549],[56.158521,15.585493],[56.157557,15.58529],[56.157239,15.585295],[56.156554,15.58522]]
[[56.160658,15.589488],[56.160643,15.590062],[56.160603,15.591544],[56.161039,15.591553],[56.162013,15.591559],[56.16257,15.591537],[56.163342,15.591551],[56.163545,15.591555],[56.163419,15.592771],[56.163361,15.593485]]
[[56.160658,15.589488],[56.160643,15.590062],[56.160603,15.591544],[56.160409,15.591537],[56.159939,15.59153],[56.15987,15.591529],[56.15959,15.591523],[56.158972,15.59151],[56.159084,15.587916],[56.159067,15.587597],[56.159,15.58737],[56.158641,15.587281],[56.158277,15.587173],[56.158221,15.587104],[56.157648,15.586849]]
[[56.160658,15.589488],[56.160671,15.58899],[56.160715,15.58869],[56.160852,15.588865],[56.160949,15.588955],[56.161103,15.589046],[56.161234,15.588947]]
[[56.160658,15.589488],[56.160643,15.590062],[56.160603,15.591544],[56.161039,15.591553],[56.161031,15.592106]]
[[56.160658,15.589488],[56.160643,15.590062],[56.160603,15.591544],[56.161039,15.591553],[56.162013,15.591559],[56.162002,15.592646],[56.162004,15.59361],[56.161802,15.593597]]
[[56.160658,15.589488],[56.160643,15.590062],[56.160603,15.591544],[56.161039,15.591553],[56.162013,15.591559],[56.16257,15.591537],[56.163342,15.591551],[56.163545,15.591555],[56.163826,15.588795],[56.164016,15.586921],[56.163032,15.58681],[56.162991,15.586729],[56.162991,15.586585],[56.162589,15.586544]]
[[56.160658,15.589488],[56.160643,15.590062],[56.160603,15.591544],[56.161039,15.591553],[56.161011,15.593545],[56.161006,15.593818],[56.162005,15.593867],[56.162632,15.593899],[56.1632,15.593928]]
[[56.160658,15.589488],[56.160643,15.590062],[56.160603,15.591544],[56.160409,15.591537],[56.159939,15.59153],[56.15987,15.591529],[56.15959,15.591523],[56.159575,15.59267],[56.159539,15.593728]]
[[56.160658,15.589488],[56.160643,15.590062],[56.160603,15.591544],[56.160409,15.591537],[56.159939,15.59153],[56.15987,15.591529],[56.15959,15.591523],[56.158972,15.59151],[56.158816,15.591507],[56.158529,15.591519],[56.157926,15.591545],[56.157939,15.591185],[56.157955,15.590987],[56.157963,15.59089]]
[[56.160658,15.589488],[56.160643,15.590062],[56.160603,15.591544],[56.160409,15.591537],[56.159939,15.59153],[56.15987,15.591529],[56.15959,15.591523],[56.158972,15.59151],[56.159084,15.587916],[56.159067,15.587597],[56.159,15.58737],[56.158641,15.587281],[56.158277,15.587173],[56.158221,15.587104],[56.157551,15.586806]]
[[56.160658,15.589488],[56.160643,15.590062],[56.160603,15.591544],[56.160409,15.591537],[56.159939,15.59153],[56.15987,15.591529],[56.15959,15.591523],[56.158972,15.59151],[56.158816,15.591507],[56.158529,15.591519],[56.157926,15.591545],[56.157939,15.591185],[56.157955,15.590987],[56.158064,15.589653],[56.158076,15.589451]]
[[56.160658,15.589488],[56.160643,15.590062],[56.160603,15.591544],[56.161039,15.591553],[56.162013,15.591559],[56.16257,15.591537],[56.163342,15.591551],[56.163545,15.591555],[56.163826,15.588795],[56.164016,15.586921],[56.163032,15.58681],[56.162991,15.586729],[56.162991,15.586585],[56.163029,15.58553],[56.163046,15.585034],[56.16313,15.584847],[56.162176,15.584735],[56.162172,15.584837],[56.162175,15.584874],[56.162419,15.584904]]
[[56.160658,15.589488],[56.160643,15.590062],[56.160603,15.591544],[56.160409,15.591537],[56.159939,15.59153],[56.15987,15.591529],[56.15959,15.591523],[56.158972,15.59151],[56.158816,15.591507],[56.158529,15.591519],[56.157926,15.591545],[56.157872,15.592595]]
[[56.160658,15.589488],[56.160643,15.590062],[56.160603,15.591544],[56.161039,15.591553],[56.162013,15.591559],[56.16257,15.591537],[56.162575,15.590439],[56.162582,15.589554],[56.162583,15.588729],[56.16261,15.587978],[56.162618,15.587737],[56.162857,15.587744],[56.16328,15.587754],[56.163295,15.58743]]
[[56.160658,15.589488],[56.160643,15.590062],[56.160603,15.591544],[56.161039,15.591553],[56.162013,15.591559],[56.16257,15.591537],[56.163342,15.591551],[56.163545,15.591555],[56.163499,15.592]]
[[56.160658,15.589488],[56.160643,15.590062],[56.160603,15.591544],[56.161039,15.591553],[56.161011,15.593545],[56.161006,15.593818],[56.160927,15.595109],[56.160912,15.595352],[56.160929,15.59545],[56.161153,15.595531],[56.161423,15.595617],[56.161954,15.595841],[56.161999,15.595854],[56.162255,15.595888],[56.162803,15.595913],[56.163031,15.595925],[56.16305,15.595924],[56.163071,15.595922],[56.163091,15.595919],[56.163118,15.595906],[56.163146,15.595886],[56.163176,15.59586],[56.163244,15.595796],[56.16342,15.595574],[56.164212,15.59476],[56.164717,15.594243],[56.165175,15.593741],[56.165248,15.593958],[56.165276,15.594044],[56.165299,15.594117],[56.165343,15.594255],[56.165368,15.594333],[56.165676,15.594014]]
[[56.160658,15.589488],[56.160643,15.590062],[56.160603,15.591544],[56.161039,15.591553],[56.162013,15.591559],[56.16257,15.591537],[56.163342,15.591551],[56.163545,15.591555],[56.163826,15.588795],[56.164779,15.588848],[56.164831,15.588503],[56.165033,15.587166],[56.165042,15.586987],[56.16506,15.586367],[56.165071,15.585942],[56.165251,15.585957],[56.165243,15.586254]]
[[56.160658,15.589488],[56.160643,15.590062],[56.160603,15.591544],[56.161039,15.591553],[56.162013,15.591559],[56.16257,15.591537],[56.163342,15.591551],[56.163545,15.591555],[56.163826,15.588795],[56.164016,15.586921],[56.163032,15.58681],[56.162991,15.586729],[56.162991,15.586585],[56.163016,15.585879]]
[[56.160658,15.589488],[56.160643,15.590062],[56.160603,15.591544],[56.161039,15.591553],[56.161011,15.593545],[56.161006,15.593818],[56.160927,15.595109],[56.160912,15.595352],[56.160929,15.59545],[56.161153,15.595531],[56.161423,15.595617],[56.161954,15.595841],[56.161999,15.595854],[56.162255,15.595888],[56.162803,15.595913],[56.163031,15.595925],[56.16305,15.595924],[56.163071,15.595922],[56.163091,15.595919],[56.163118,15.595906],[56.163146,15.595886],[56.163176,15.59586],[56.163244,15.595796],[56.16342,15.595574],[56.164212,15.59476],[56.164717,15.594243],[56.164861,15.594085]]
[[56.160658,15.589488],[56.160643,15.590062],[56.160603,15.591544],[56.161039,15.591553],[56.162013,15.591559],[56.16257,15.591537],[56.163342,15.591551],[56.163545,15.591555],[56.163826,15.588795],[56.164016,15.586921],[56.163032,15.58681],[56.162991,15.586729],[56.162991,15.586585],[56.163029,15.58553],[56.163046,15.585034],[56.16313,15.584847],[56.163196,15.584852]]
[[56.160658,15.589488],[56.160643,15.590062],[56.160603,15.591544],[56.161039,15.591553],[56.162013,15.591559],[56.16257,15.591537],[56.163342,15.591551],[56.163545,15.591555],[56.163826,15.588795],[56.164779,15.588848],[56.164831,15.588503],[56.165033,15.587166],[56.165042,15.586987],[56.16506,15.586367],[56.165071,15.585942],[56.165083,15.585305]]
[[56.160658,15.589488],[56.160671,15.58899],[56.160715,15.58869],[56.160306,15.588236],[56.159975,15.587846],[56.15973,15.587565],[56.159679,15.588998]]
[[56.160658,15.589488],[56.160643,15.590062],[56.160603,15.591544],[56.161039,15.591553],[56.162013,15.591559],[56.162102,15.591555]]
[[56.160658,15.589488],[56.160671,15.58899],[56.160715,15.58869],[56.160306,15.588236],[56.159975,15.587846],[56.15973,15.587565],[56.159759,15.586604],[56.159762,15.58655],[56.159767,15.586355],[56.159773,15.58627],[56.159784,15.585461],[56.159067,15.585549],[56.158521,15.585493],[56.158402,15.585468]]
[[56.160658,15.589488],[56.160643,15.590062],[56.160603,15.591544],[56.161039,15.591553],[56.162013,15.591559],[56.16257,15.591537],[56.162574,15.590703]]
[[56.160658,15.589488],[56.160643,15.590062],[56.160603,15.591544],[56.161039,15.591553],[56.162013,15.591559],[56.16257,15.591537],[56.163342,15.591551],[56.163545,15.591555],[56.163826,15.588795],[56.164779,15.588848],[56.164831,15.588503],[56.164756,15.588453],[56.164641,15.588383],[56.16459,15.588343]]
[[56.160658,15.589488],[56.160643,15.590062],[56.160603,15.591544],[56.161039,15.591553],[56.162013,15.591559],[56.16257,15.591537],[56.162575,15.590439],[56.162582,15.589554],[56.162643,15.589553],[56.162798,15.589554],[56.163383,15.589613]]
[[56.160658,15.589488],[56.160671,15.58899],[56.160715,15.58869],[56.160852,15.588865],[56.160949,15.588955],[56.161103,15.589046],[56.161283,15.58891],[56.1615,15.588692],[56.161527,15.587196]]
[[56.160658,15.589488],[56.160643,15.590062],[56.160603,15.591544],[56.161039,15.591553],[56.162013,15.591559],[56.16257,15.591537],[56.163342,15.591551],[56.163545,15.591555],[56.163826,15.588795],[56.164779,15.588848],[56.164831,15.588503],[56.165033,15.587166],[56.165042,15.586987],[56.16506,15.586367],[56.165071,15.585942],[56.165089,15.584946],[56.164986,15.584964],[56.164902,15.584961]]
[[56.160658,15.589488],[56.160671,15.58899],[56.160715,15.58869],[56.160807,15.586736],[56.160833,15.586398],[56.160866,15.586068],[56.160866,15.58572],[56.161207,15.585751]]
[[56.160658,15.589488],[56.160643,15.590062],[56.160603,15.591544],[56.160409,15.591537],[56.159939,15.59153],[56.15987,15.591529],[56.15959,15.591523],[56.158972,15.59151],[56.159084,15.587916],[56.159067,15.587597],[56.159,15.58737],[56.15896,15.587537],[56.158877,15.589804],[56.15884,15.590793]]
[[56.160658,15.589488],[56.160671,15.58899],[56.160715,15.58869],[56.160306,15.588236],[56.159975,15.587846],[56.15973,15.587565],[56.159703,15.588335]]
[[56.160658,15.589488],[56.160643,15.590062],[56.160603,15.591544],[56.160409,15.591537],[56.159939,15.59153],[56.15987,15.591529],[56.15959,15.591523],[56.158972,15.59151],[56.159084,15.587916],[56.159067,15.587597],[56.159,15.58737],[56.15896,15.587537],[56.158877,15.589804],[56.158829,15.591101],[56.158621,15.591087],[56.158607,15.591062],[56.158574,15.591054]]
[[56.160658,15.589488],[56.160643,15.590062],[56.160603,15.591544],[56.161039,15.591553],[56.16105,15.591112]]
[[56.160658,15.589488],[56.160671,15.58899],[56.160715,15.58869],[56.160306,15.588236],[56.16026,15.588182]]
[[56.160658,15.589488],[56.160671,15.58899],[56.160715,15.58869],[56.160306,15.588236],[56.159975,15.587846],[56.15973,15.587565],[56.159759,15.586604],[56.159762,15.58655],[56.159767,15.586355],[56.159773,15.58627],[56.159784,15.585461],[56.159067,15.585549],[56.158521,15.585493],[56.157557,15.58529],[56.157239,15.585295],[56.157213,15.585626],[56.157049,15.585614],[56.156898,15.585606],[56.156885,15.586206]]
[[56.160658,15.589488],[56.160643,15.590062],[56.160603,15.591544],[56.1608,15.591548]]
[[56.160658,15.589488],[56.160643,15.590062],[56.160603,15.591544],[56.161039,15.591553],[56.162013,15.591559],[56.16257,15.591537],[56.163342,15.591551],[56.163545,15.591555],[56.163826,15.588795],[56.164701,15.588843]]
[[56.160658,15.589488],[56.160643,15.590062],[56.160603,15.591544],[56.160409,15.591537],[56.159939,15.59153],[56.15987,15.591529],[56.15959,15.591523],[56.158972,15.59151],[56.158816,15.591507],[56.158529,15.591519],[56.157926,15.591545],[56.157939,15.591185],[56.157079,15.591022],[56.156918,15.591272],[56.15668,15.591689]]
[[56.160658,15.589488],[56.160643,15.590062],[56.160603,15.591544],[56.160409,15.591537],[56.160382,15.591422],[56.160292,15.591412]]
[[56.160658,15.589488],[56.160643,15.590062],[56.160603,15.591544],[56.160409,15.591537],[56.159939,15.59153],[56.15987,15.591529],[56.15959,15.591523],[56.158972,15.59151],[56.158816,15.591507],[56.158529,15.591519],[56.157926,15.591545],[56.157939,15.591185],[56.157079,15.591022],[56.156918,15.591272],[56.156811,15.591459]]
[[56.160658,15.589488],[56.160643,15.590062],[56.160603,15.591544],[56.161039,15.591553],[56.162013,15.591559],[56.16257,15.591537],[56.162574,15.590604]]
[[56.160658,15.589488],[56.160643,15.590062],[56.160603,15.591544],[56.161039,15.591553],[56.162013,15.591559],[56.16257,15.591537],[56.162575,15.590439],[56.163016,15.590447],[56.163015,15.590273],[56.163013,15.590029],[56.163011,15.589761],[56.162865,15.589758]]
[[56.160658,15.589488],[56.160643,15.590062],[56.160603,15.591544],[56.161039,15.591553],[56.162013,15.591559],[56.162005,15.592413]]
[[56.160658,15.589488],[56.160643,15.590062],[56.160603,15.591544],[56.161039,15.591553],[56.162013,15.591559],[56.16257,15.591537],[56.163342,15.591551],[56.163545,15.591555],[56.163826,15.588795],[56.164779,15.588848],[56.164831,15.588503],[56.165033,15.587166],[56.165042,15.586987],[56.16506,15.586367],[56.165071,15.585942],[56.165089,15.584946],[56.164986,15.584964],[56.164224,15.584935]]
[[56.160658,15.589488],[56.160671,15.58899],[56.160715,15.58869],[56.160852,15.588865],[56.160949,15.588955],[56.161103,15.589046],[56.161088,15.589616]]
[[56.160658,15.589488],[56.160643,15.590062],[56.160603,15.591544],[56.160703,15.591546]]
[[56.160658,15.589488],[56.160643,15.590062],[56.160603,15.591544],[56.161039,15.591553],[56.162013,15.591559],[56.16257,15.591537],[56.162899,15.591543]]
[[56.160658,15.589488],[56.160643,15.590062],[56.160603,15.591544],[56.161039,15.591553],[56.162013,15.591559],[56.16257,15.591537],[56.163342,15.591551],[56.163545,15.591555],[56.163826,15.588795],[56.164779,15.588848],[56.165043,15.588872],[56.165099,15.588875]]
[[56.160658,15.589488],[56.160671,15.58899],[56.160715,15.58869],[56.160852,15.588865],[56.160949,15.588955],[56.161103,15.589046],[56.161283,15.58891],[56.161356,15.588837]]
[[56.160658,15.589488],[56.160643,15.590062],[56.160603,15.591544],[56.161039,15.591553],[56.162013,15.591559],[56.16257,15.591537],[56.163342,15.591551],[56.163545,15.591555],[56.163419,15.592771],[56.163347,15.593657],[56.1628,15.593638]]
[[56.160658,15.589488],[56.160671,15.58899],[56.160715,15.58869],[56.160306,15.588236],[56.160208,15.588486],[56.160203,15.588614]]
[[56.160658,15.589488],[56.160671,15.58899],[56.160715,15.58869],[56.160852,15.588865],[56.160949,15.588955],[56.161103,15.589046],[56.161072,15.590265]]
[[56.160658,15.589488],[56.160643,15.590062],[56.160603,15.591544],[56.161039,15.591553],[56.162013,15.591559],[56.16257,15.591537],[56.163342,15.591551],[56.163545,15.591555],[56.163425,15.592709]]
[[56.160658,15.589488],[56.160671,15.58899],[56.160715,15.58869],[56.160852,15.588865],[56.160949,15.588955],[56.161103,15.589046],[56.161071,15.590306]]
[[56.160658,15.589488],[56.160643,15.590062],[56.160603,15.591544],[56.161039,15.591553],[56.162013,15.591559],[56.16257,15.591537],[56.163342,15.591551],[56.163545,15.591555],[56.163826,15.588795],[56.164779,15.588848],[56.164831,15.588503],[56.165033,15.587166],[56.165042,15.586987],[56.16506,15.586367],[56.165071,15.585942],[56.165089,15.584946],[56.165134,15.584842],[56.165212,15.584774],[56.165305,15.584717],[56.16541,15.58469],[56.165617,15.584696],[56.165797,15.584668],[56.165784,15.585226],[56.165788,15.585785],[56.165808,15.585968],[56.165876,15.586239]]
[[56.160658,15.589488],[56.160643,15.590062],[56.160603,15.591544],[56.160409,15.591537],[56.159939,15.59153],[56.15987,15.591529],[56.15959,15.591523],[56.159575,15.59267],[56.159534,15.59386]]
[[56.160658,15.589488],[56.160643,15.590062],[56.160603,15.591544],[56.161039,15.591553],[56.162013,15.591559],[56.16257,15.591537],[56.163342,15.591551],[56.163545,15.591555],[56.163604,15.590969]]
[[56.160658,15.589488],[56.160643,15.590062],[56.160603,15.591544],[56.161039,15.591553],[56.162013,15.591559],[56.16257,15.591537],[56.163342,15.591551],[56.163545,15.591555],[56.163826,15.588795],[56.164779,15.588848],[56.164831,15.588503],[56.165033,15.587166],[56.165042,15.586987],[56.16506,15.586367],[56.165071,15.585942],[56.165089,15.584946],[56.165134,15.584842],[56.165212,15.584774],[56.165305,15.584717],[56.16541,15.58469],[56.165617,15.584696],[56.165797,15.584668],[56.165784,15.585226],[56.165786,15.585398]]
[[56.160658,15.589488],[56.160671,15.58899],[56.160715,15.58869],[56.160852,15.588865],[56.160949,15.588955],[56.161103,15.589046],[56.161074,15.590181]]
[[56.160658,15.589488],[56.160643,15.590062],[56.160603,15.591544],[56.160409,15.591537],[56.159939,15.59153],[56.15987,15.591529],[56.15959,15.591523],[56.158972,15.59151],[56.158816,15.591507],[56.158846,15.591798],[56.158785,15.593719]]
[[56.160658,15.589488],[56.160643,15.590062],[56.160603,15.591544],[56.161039,15.591553],[56.162013,15.591559],[56.162005,15.592403]]
[[56.160658,15.589488],[56.160671,15.58899],[56.160715,15.58869],[56.160306,15.588236],[56.159975,15.587846],[56.15973,15.587565],[56.159759,15.586604],[56.16052,15.586699]]
[[56.160658,15.589488],[56.160643,15.590062],[56.160603,15.591544],[56.160409,15.591537],[56.159939,15.59153],[56.15987,15.591529],[56.15959,15.591523],[56.158972,15.59151],[56.159084,15.587916],[56.159067,15.587597],[56.159,15.58737],[56.158641,15.587281],[56.158277,15.587173],[56.158218,15.587293],[56.158188,15.587518],[56.158136,15.588411],[56.158135,15.588425]]
[[56.160658,15.589488],[56.160643,15.590062],[56.160603,15.591544],[56.161039,15.591553],[56.162013,15.591559],[56.16257,15.591537],[56.163342,15.591551],[56.163545,15.591555],[56.163826,15.588795],[56.163996,15.588804]]
[[56.160658,15.589488],[56.160643,15.590062],[56.160603,15.591544],[56.160409,15.591537],[56.159939,15.59153],[56.15987,15.591529],[56.15959,15.591523],[56.158972,15.59151],[56.158816,15.591507],[56.158529,15.591519],[56.157926,15.591545],[56.157939,15.591185],[56.157079,15.591022],[56.156918,15.591272],[56.15668,15.591689]]
[[56.160658,15.589488],[56.160643,15.590062],[56.160603,15.591544],[56.161039,15.591553],[56.162013,15.591559],[56.16257,15.591537],[56.163342,15.591551],[56.163545,15.591555],[56.163826,15.588795],[56.164016,15.586921],[56.163032,15.58681],[56.162991,15.586729],[56.162991,15.586585],[56.163002,15.586265]]
[[56.160658,15.589488],[56.160643,15.590062],[56.160603,15.591544],[56.161039,15.591553],[56.162013,15.591559],[56.16257,15.591537],[56.163342,15.591551],[56.163545,15.591555],[56.163826,15.588795],[56.164016,15.586921],[56.163032,15.58681],[56.162991,15.586729],[56.162991,15.586585],[56.163008,15.586101]]
[[56.160658,15.589488],[56.160643,15.590062],[56.160603,15.591544],[56.161039,15.591553],[56.1616,15.591557]]
[[56.160658,15.589488],[56.160643,15.590062],[56.160603,15.591544],[56.161039,15.591553],[56.162013,15.591559],[56.16257,15.591537],[56.162575,15.590439],[56.162582,15.589554],[56.162583,15.588729],[56.16261,15.587978],[56.162557,15.587978]]
[[56.160658,15.589488],[56.160643,15.590062],[56.160603,15.591544],[56.161039,15.591553],[56.162013,15.591559],[56.16257,15.591537],[56.163342,15.591551],[56.163545,15.591555],[56.163826,15.588795],[56.164779,15.588848],[56.164831,15.588503],[56.165033,15.587166],[56.165042,15.586987],[56.16506,15.586367],[56.165071,15.585942],[56.165089,15.584946],[56.164986,15.584964],[56.164898,15.584961]]
[[56.160658,15.589488],[56.160671,15.58899],[56.160715,15.58869],[56.160306,15.588236],[56.159975,15.587846],[56.15973,15.587565],[56.159759,15.586604],[56.159762,15.58655],[56.159767,15.586355],[56.159773,15.58627],[56.159775,15.586108]]
[[56.160658,15.589488],[56.160643,15.590062],[56.160603,15.591544],[56.160409,15.591537],[56.159939,15.59153],[56.15987,15.591529],[56.15959,15.591523],[56.158972,15.59151],[56.159084,15.587916],[56.159067,15.587597],[56.159,15.58737],[56.158641,15.587281],[56.158277,15.587173],[56.158218,15.587293],[56.158188,15.587518],[56.158136,15.588411],[56.15836,15.588433],[56.158711,15.588468],[56.15872,15.588191]]
[[56.160658,15.589488],[56.160671,15.58899],[56.160715,15.58869],[56.160306,15.588236],[56.160208,15.588486],[56.160175,15.589283]]
[[56.160658,15.589488],[56.160643,15.590062],[56.160603,15.591544],[56.161039,15.591553],[56.162013,15.591559],[56.16257,15.591537],[56.163342,15.591551],[56.163545,15.591555],[56.163826,15.588795],[56.164779,15.588848],[56.164831,15.588503],[56.165033,15.587166],[56.165042,15.586987],[56.16506,15.586367],[56.165071,15.585942],[56.165089,15.584946],[56.165134,15.584842],[56.165212,15.584774],[56.165231,15.584762]]
[[56.160658,15.589488],[56.160671,15.58899],[56.160715,15.58869],[56.160306,15.588236],[56.159975,15.587846],[56.15973,15.587565],[56.159759,15.586604],[56.160611,15.586711]]
[[56.160658,15.589488],[56.160671,15.58899],[56.160715,15.58869],[56.160852,15.588865],[56.160949,15.588955],[56.161103,15.589046],[56.161283,15.58891],[56.1615,15.588692],[56.16154,15.586491]]
[[56.160658,15.589488],[56.160643,15.590062],[56.160603,15.591544],[56.161039,15.591553],[56.162013,15.591559],[56.16257,15.591537],[56.163342,15.591551],[56.163545,15.591555],[56.163826,15.588795],[56.164016,15.586921],[56.164503,15.586952]]
[[56.160658,15.589488],[56.160671,15.58899],[56.160715,15.58869],[56.160306,15.588236],[56.159975,15.587846],[56.15973,15.587565],[56.159759,15.586604],[56.159762,15.58655],[56.159767,15.586355],[56.159773,15.58627],[56.159784,15.585461],[56.159305,15.58552]]
[[56.160658,15.589488],[56.160643,15.590062],[56.160603,15.591544],[56.160409,15.591537],[56.159939,15.59153],[56.15987,15.591529],[56.15959,15.591523],[56.158972,15.59151],[56.158816,15.591507],[56.158529,15.591519],[56.157926,15.591545],[56.157939,15.591185],[56.157079,15.591022],[56.156918,15.591272],[56.15668,15.591689]]
[[56.160658,15.589488],[56.160671,15.58899],[56.160715,15.58869],[56.160306,15.588236],[56.159975,15.587846],[56.15973,15.587565],[56.159759,15.586604],[56.159762,15.58655],[56.159767,15.586355],[56.159773,15.58627],[56.159784,15.585461],[56.159067,15.585549],[56.158521,15.585493],[56.157557,15.58529],[56.157239,15.585295],[56.157213,15.585626],[56.157049,15.585614],[56.156898,15.585606],[56.156879,15.586486]]
[[56.160658,15.589488],[56.160643,15.590062],[56.160603,15.591544],[56.160409,15.591537],[56.159939,15.59153],[56.15987,15.591529],[56.15959,15.591523],[56.158972,15.59151],[56.158816,15.591507],[56.158529,15.591519],[56.157926,15.591545],[56.157939,15.591185],[56.157955,15.590987],[56.158064,15.589653],[56.158099,15.589056],[56.158109,15.588876]]
[[56.160658,15.589488],[56.160643,15.590062],[56.160603,15.591544],[56.161039,15.591553],[56.161024,15.592601]]
[[56.160658,15.589488],[56.160643,15.590062],[56.160603,15.591544],[56.161039,15.591553],[56.162013,15.591559],[56.16257,15.591537],[56.163342,15.591551],[56.163545,15.591555],[56.163419,15.592771],[56.163347,15.593657],[56.162548,15.593629],[56.162544,15.593397]]
[[56.160658,15.589488],[56.160643,15.590062],[56.160603,15.591544],[56.161039,15.591553],[56.161011,15.593545],[56.161006,15.593818],[56.162005,15.593867],[56.162632,15.593899],[56.162627,15.594215]]
[[56.160658,15.589488],[56.160643,15.590062],[56.160603,15.591544],[56.161039,15.591553],[56.162013,15.591559],[56.16257,15.591537],[56.163342,15.591551],[56.163545,15.591555],[56.164355,15.591494],[56.164658,15.591439],[56.165287,15.591432],[56.165433,15.591434],[56.165851,15.591438],[56.165965,15.59151],[56.166074,15.591623],[56.165953,15.591836],[56.165855,15.59201],[56.165776,15.592148],[56.165753,15.592227],[56.165736,15.592288],[56.1655,15.59229]]
[[56.160658,15.589488],[56.160643,15.590062],[56.160603,15.591544],[56.161039,15.591553],[56.162013,15.591559],[56.16257,15.591537],[56.163342,15.591551],[56.163545,15.591555],[56.163826,15.588795],[56.164016,15.586921],[56.163032,15.58681],[56.162991,15.586729],[56.162991,15.586585],[56.162701,15.586556]]
[[56.160658,15.589488],[56.160671,15.58899],[56.160715,15.58869],[56.160306,15.588236],[56.159975,15.587846],[56.15973,15.587565],[56.159759,15.586604],[56.160121,15.586649]]
[[56.160658,15.589488],[56.160671,15.58899],[56.160715,15.58869],[56.160306,15.588236],[56.159975,15.587846],[56.15973,15.587565],[56.159739,15.587284]]
[[56.160658,15.589488],[56.160643,15.590062],[56.160603,15.591544],[56.161039,15.591553],[56.161701,15.591557]]
